service_id,date,exception_type
64553,20250224,2
64553,20250330,2
64553,20250501,2
64553,20240623,2
64553,20240624,2
64553,20240820,2
64553,20241224,2
64553,20241225,2
64553,20241226,2
60108,20250101,2
60108,20250224,2
60108,20250330,2
60108,20250501,2
60108,20240623,2
60108,20240624,2
60108,20240820,2
60108,20241224,2
60108,20241225,2
60108,20241226,2
64561,20250101,1
64561,20250224,1
64561,20250330,1
64561,20250501,1
64561,20240623,1
64561,20240624,1
64561,20240820,1
64561,20241224,1
64561,20241225,1
64561,20241226,1
66459,20250101,2
66459,20250224,2
66459,20250330,2
66459,20250501,2
66459,20240623,2
66459,20240624,2
66459,20240820,2
66459,20241224,2
66459,20241225,2
66459,20241226,2
66490,20250101,2
66490,20250224,2
66490,20250330,2
66490,20250501,2
66490,20240623,2
66490,20240624,2
66490,20240820,2
66490,20241224,2
66490,20241225,2
66490,20241226,2
66493,20250101,1
66493,20250224,1
66493,20250330,1
66493,20250501,1
66493,20240623,1
66493,20240624,1
66493,20240820,1
66493,20241224,1
66493,20241225,1
66493,20241226,1
67107,20250101,2
67107,20250224,2
67107,20250330,2
67107,20250501,2
67107,20240623,2
67107,20240624,2
67107,20240820,2
67107,20241224,2
67107,20241225,2
67107,20241226,2
66453,20250101,2
66453,20250224,2
66453,20250330,2
66453,20250501,2
66453,20240623,2
66453,20240624,2
66453,20240820,2
66453,20241224,2
66453,20241225,2
66453,20241226,2
66451,20250101,1
66451,20250224,1
66451,20250330,1
66451,20250501,1
66451,20240623,1
66451,20240624,1
66451,20240820,1
66451,20241224,1
66451,20241225,1
66451,20241226,1
64889,20250101,2
64889,20250224,2
64889,20250330,2
64889,20250501,2
64889,20240623,2
64889,20240624,2
64889,20240820,2
64889,20241224,2
64889,20241225,2
64889,20241226,2
62086,20250101,2
62086,20250224,2
62086,20250330,2
62086,20250501,2
62086,20240623,2
62086,20240624,2
62086,20240820,2
62086,20241224,2
62086,20241225,2
62086,20241226,2
62291,20250101,1
62291,20250224,1
62291,20250330,1
62291,20250501,1
62291,20240623,1
62291,20240624,1
62291,20240820,1
62291,20241224,1
62291,20241225,1
62291,20241226,1
64925,20250101,2
64925,20250224,2
64925,20250330,2
64925,20250501,2
64925,20240623,2
64925,20240624,2
64925,20240820,2
64925,20241224,2
64925,20241225,2
64925,20241226,2
64926,20250101,2
64926,20250224,2
64926,20250330,2
64926,20250501,2
64926,20240623,2
64926,20240624,2
64926,20240820,2
64926,20241224,2
64926,20241225,2
64926,20241226,2
64927,20250101,1
64927,20250224,1
64927,20250330,1
64927,20250501,1
64927,20240623,1
64927,20240624,1
64927,20240820,1
64927,20241224,1
64927,20241225,1
64927,20241226,1
65933,20250101,2
65933,20250224,2
65933,20250330,2
65933,20250501,2
65933,20240623,2
65933,20240624,2
65933,20240820,2
65933,20241224,2
65933,20241225,2
65933,20241226,2
63068,20250101,2
63068,20250224,2
63068,20250330,2
63068,20250501,2
63068,20240623,2
63068,20240624,2
63068,20240820,2
63068,20241224,2
63068,20241225,2
63068,20241226,2
63067,20250101,1
63067,20250224,1
63067,20250330,1
63067,20250501,1
63067,20240623,1
63067,20240624,1
63067,20240820,1
63067,20241224,1
63067,20241225,1
63067,20241226,1
66651,20250101,2
66651,20250224,2
66651,20250330,2
66651,20250501,2
66651,20240623,2
66651,20240624,2
66651,20240820,2
66651,20241224,2
66651,20241225,2
66651,20241226,2
66766,20250101,2
66766,20250224,2
66766,20250330,2
66766,20250501,2
66766,20240623,2
66766,20240624,2
66766,20240820,2
66766,20241224,2
66766,20241225,2
66766,20241226,2
66396,20250101,2
66396,20250224,2
66396,20250330,2
66396,20250501,2
66396,20240623,2
66396,20240624,2
66396,20240820,2
66396,20241224,2
66396,20241225,2
66396,20241226,2
66495,20250101,2
66495,20250224,2
66495,20250330,2
66495,20250501,2
66495,20240623,2
66495,20240624,2
66495,20240820,2
66495,20241224,2
66495,20241225,2
66495,20241226,2
66508,20250101,1
66508,20250224,1
66508,20250330,1
66508,20250501,1
66508,20240623,1
66508,20240624,1
66508,20240820,1
66508,20241224,1
66508,20241225,1
66508,20241226,1
60811,20250101,2
60811,20250224,2
60811,20250330,2
60811,20250501,2
60811,20240623,2
60811,20240624,2
60811,20240820,2
60811,20241224,2
60811,20241225,2
60811,20241226,2
64444,20250101,2
64444,20250224,2
64444,20250330,2
64444,20250501,2
64444,20240623,2
64444,20240624,2
64444,20240820,2
64444,20241224,2
64444,20241225,2
64444,20241226,2
64446,20250101,2
64446,20250224,2
64446,20250330,2
64446,20250501,2
64446,20240623,2
64446,20240624,2
64446,20240820,2
64446,20241224,2
64446,20241225,2
64446,20241226,2
64445,20250101,2
64445,20250224,2
64445,20250330,2
64445,20250501,2
64445,20240623,2
64445,20240624,2
64445,20240820,2
64445,20241224,2
64445,20241225,2
64445,20241226,2
48764,20250101,2
48764,20250224,2
48764,20250330,2
48764,20250501,2
48764,20240623,2
48764,20240624,2
48764,20240820,2
48764,20241224,2
48764,20241225,2
48764,20241226,2
48765,20250101,1
48765,20250224,1
48765,20250330,1
48765,20250501,1
48765,20240623,1
48765,20240624,1
48765,20240820,1
48765,20241224,1
48765,20241225,1
48765,20241226,1
60343,20250101,2
60343,20250224,2
60343,20250330,2
60343,20250501,2
60343,20240623,2
60343,20240624,2
60343,20240820,2
60343,20241224,2
60343,20241225,2
60343,20241226,2
63225,20250101,2
63225,20250224,2
63225,20250330,2
63225,20250501,2
63225,20240623,2
63225,20240624,2
63225,20240820,2
63225,20241224,2
63225,20241225,2
63225,20241226,2
60523,20250101,2
60523,20250224,2
60523,20250330,2
60523,20250501,2
60523,20240623,2
60523,20240624,2
60523,20240820,2
60523,20241224,2
60523,20241225,2
60523,20241226,2
59696,20250101,1
59696,20250224,1
59696,20250330,1
59696,20250501,1
59696,20240623,1
59696,20240624,1
59696,20240820,1
59696,20241224,1
59696,20241225,1
59696,20241226,1
67284,20250101,2
67284,20250224,2
67284,20250330,2
67284,20250501,2
67284,20240623,2
67284,20240624,2
67284,20240820,2
67284,20241224,2
67284,20241225,2
67284,20241226,2
67282,20250101,2
67282,20250224,2
67282,20250330,2
67282,20250501,2
67282,20240623,2
67282,20240624,2
67282,20240820,2
67282,20241224,2
67282,20241225,2
67282,20241226,2
67278,20250101,1
67278,20250224,1
67278,20250330,1
67278,20250501,1
67278,20240623,1
67278,20240624,1
67278,20240820,1
67278,20241224,1
67278,20241225,1
67278,20241226,1
66497,20250101,2
66497,20250224,2
66497,20250330,2
66497,20250501,2
66497,20240623,2
66497,20240624,2
66497,20240820,2
66497,20241224,2
66497,20241225,2
66497,20241226,2
66691,20250101,2
66691,20250224,2
66691,20250330,2
66691,20250501,2
66691,20240623,2
66691,20240624,2
66691,20240820,2
66691,20241224,2
66691,20241225,2
66691,20241226,2
66694,20250101,2
66694,20250224,2
66694,20250330,2
66694,20250501,2
66694,20240623,2
66694,20240624,2
66694,20240820,2
66694,20241224,2
66694,20241225,2
66694,20241226,2
66695,20250101,1
66695,20250224,1
66695,20250330,1
66695,20250501,1
66695,20240623,1
66695,20240624,1
66695,20240820,1
66695,20241224,1
66695,20241225,1
66695,20241226,1
66367,20250101,2
66367,20250224,2
66367,20250330,2
66367,20250501,2
66367,20240623,2
66367,20240624,2
66367,20240820,2
66367,20241224,2
66367,20241225,2
66367,20241226,2
66393,20250101,2
66393,20250224,2
66393,20250330,2
66393,20250501,2
66393,20240623,2
66393,20240624,2
66393,20240820,2
66393,20241224,2
66393,20241225,2
66393,20241226,2
66395,20250101,1
66395,20250224,1
66395,20250330,1
66395,20250501,1
66395,20240623,1
66395,20240624,1
66395,20240820,1
66395,20241224,1
66395,20241225,1
66395,20241226,1
60783,20250101,2
60783,20250224,2
60783,20250330,2
60783,20250501,2
60783,20240623,2
60783,20240624,2
60783,20240820,2
60783,20241224,2
60783,20241225,2
60783,20241226,2
60784,20250101,2
60784,20250224,2
60784,20250330,2
60784,20250501,2
60784,20240623,2
60784,20240624,2
60784,20240820,2
60784,20241224,2
60784,20241225,2
60784,20241226,2
60363,20250101,2
60363,20250224,2
60363,20250330,2
60363,20250501,2
60363,20240623,2
60363,20240624,2
60363,20240820,2
60363,20241224,2
60363,20241225,2
60363,20241226,2
60364,20250101,2
60364,20250224,2
60364,20250330,2
60364,20250501,2
60364,20240623,2
60364,20240624,2
60364,20240820,2
60364,20241224,2
60364,20241225,2
60364,20241226,2
60378,20250101,1
60378,20250224,1
60378,20250330,1
60378,20250501,1
60378,20240623,1
60378,20240624,1
60378,20240820,1
60378,20241224,1
60378,20241225,1
60378,20241226,1
60379,20250101,1
60379,20250224,1
60379,20250330,1
60379,20250501,1
60379,20240623,1
60379,20240624,1
60379,20240820,1
60379,20241224,1
60379,20241225,1
60379,20241226,1
66394,20250101,2
66394,20250224,2
66394,20250330,2
66394,20250501,2
66394,20240623,2
66394,20240624,2
66394,20240820,2
66394,20241224,2
66394,20241225,2
66394,20241226,2
66400,20250101,2
66400,20250224,2
66400,20250330,2
66400,20250501,2
66400,20240623,2
66400,20240624,2
66400,20240820,2
66400,20241224,2
66400,20241225,2
66400,20241226,2
66408,20250101,1
66408,20250224,1
66408,20250330,1
66408,20250501,1
66408,20240623,1
66408,20240624,1
66408,20240820,1
66408,20241224,1
66408,20241225,1
66408,20241226,1
66409,20250101,2
66409,20250224,2
66409,20250330,2
66409,20250501,2
66409,20240623,2
66409,20240624,2
66409,20240820,2
66409,20241224,2
66409,20241225,2
66409,20241226,2
66431,20250101,2
66431,20250224,2
66431,20250330,2
66431,20250501,2
66431,20240623,2
66431,20240624,2
66431,20240820,2
66431,20241224,2
66431,20241225,2
66431,20241226,2
66443,20250101,1
66443,20250224,1
66443,20250330,1
66443,20250501,1
66443,20240623,1
66443,20240624,1
66443,20240820,1
66443,20241224,1
66443,20241225,1
66443,20241226,1
66464,20250101,2
66464,20250224,2
66464,20250330,2
66464,20250501,2
66464,20240623,2
66464,20240624,2
66464,20240820,2
66464,20241224,2
66464,20241225,2
66464,20241226,2
66473,20250101,2
66473,20250224,2
66473,20250330,2
66473,20250501,2
66473,20240623,2
66473,20240624,2
66473,20240820,2
66473,20241224,2
66473,20241225,2
66473,20241226,2
66477,20250101,1
66477,20250224,1
66477,20250330,1
66477,20250501,1
66477,20240623,1
66477,20240624,1
66477,20240820,1
66477,20241224,1
66477,20241225,1
66477,20241226,1
65017,20250101,2
65017,20250224,2
65017,20250330,2
65017,20250501,2
65017,20240623,2
65017,20240624,2
65017,20240820,2
65017,20241224,2
65017,20241225,2
65017,20241226,2
50737,20250101,2
50737,20250224,2
50737,20250330,2
50737,20250501,2
50737,20240623,2
50737,20240624,2
50737,20240820,2
50737,20241224,2
50737,20241225,2
50737,20241226,2
51357,20250101,1
51357,20250224,1
51357,20250330,1
51357,20250501,1
51357,20240623,1
51357,20240624,1
51357,20240820,1
51357,20241224,1
51357,20241225,1
51357,20241226,1
48954,20250101,2
48954,20250224,2
48954,20250330,2
48954,20250501,2
48954,20240623,2
48954,20240624,2
48954,20240820,2
48954,20241224,2
48954,20241225,2
48954,20241226,2
64181,20250101,2
64181,20250224,2
64181,20250330,2
64181,20250501,2
64181,20240623,2
64181,20240624,2
64181,20240820,2
64181,20241224,2
64181,20241225,2
64181,20241226,2
64272,20250101,2
64272,20250224,2
64272,20250330,2
64272,20250501,2
64272,20240623,2
64272,20240624,2
64272,20240820,2
64272,20241224,2
64272,20241225,2
64272,20241226,2
64270,20250101,1
64270,20250224,1
64270,20250330,1
64270,20250501,1
64270,20240623,1
64270,20240624,1
64270,20240820,1
64270,20241224,1
64270,20241225,1
64270,20241226,1
53699,20250101,2
53699,20250224,2
53699,20250330,2
53699,20250501,2
53699,20240623,2
53699,20240624,2
53699,20240820,2
53699,20241224,2
53699,20241225,2
53699,20241226,2
62877,20250101,2
62877,20250224,2
62877,20250330,2
62877,20250501,2
62877,20240623,2
62877,20240624,2
62877,20240820,2
62877,20241224,2
62877,20241225,2
62877,20241226,2
62876,20250101,1
62876,20250224,1
62876,20250330,1
62876,20250501,1
62876,20240623,1
62876,20240624,1
62876,20240820,1
62876,20241224,1
62876,20241225,1
62876,20241226,1
59962,20250101,2
59962,20250224,2
59962,20250330,2
59962,20250501,2
59962,20240623,2
59962,20240624,2
59962,20240820,2
59962,20241224,2
59962,20241225,2
59962,20241226,2
38440,20250101,2
38440,20250224,2
38440,20250330,2
38440,20250501,2
38440,20240623,2
38440,20240624,2
38440,20240820,2
38440,20241224,2
38440,20241225,2
38440,20241226,2
38441,20250101,1
38441,20250224,1
38441,20250330,1
38441,20250501,1
38441,20240623,1
38441,20240624,1
38441,20240820,1
38441,20241224,1
38441,20241225,1
38441,20241226,1
64995,20250101,2
64995,20250224,2
64995,20250330,2
64995,20250501,2
64995,20240623,2
64995,20240624,2
64995,20240820,2
64995,20241224,2
64995,20241225,2
64995,20241226,2
60384,20250101,2
60384,20250224,2
60384,20250330,2
60384,20250501,2
60384,20240623,2
60384,20240624,2
60384,20240820,2
60384,20241224,2
60384,20241225,2
60384,20241226,2
60389,20250101,2
60389,20250224,2
60389,20250330,2
60389,20250501,2
60389,20240623,2
60389,20240624,2
60389,20240820,2
60389,20241224,2
60389,20241225,2
60389,20241226,2
64549,20250101,1
64549,20250224,1
64549,20250330,1
64549,20250501,1
64549,20240623,1
64549,20240624,1
64549,20240820,1
64549,20241224,1
64549,20241225,1
64549,20241226,1
47169,20250101,2
47169,20250224,2
47169,20250330,2
47169,20250501,2
47169,20240623,2
47169,20240624,2
47169,20240820,2
47169,20241224,2
47169,20241225,2
47169,20241226,2
66003,20250101,2
66003,20250224,2
66003,20250330,2
66003,20250501,2
66003,20240623,2
66003,20240624,2
66003,20240820,2
66003,20241224,2
66003,20241225,2
66003,20241226,2
61825,20250101,2
61825,20250224,2
61825,20250330,2
61825,20250501,2
61825,20240623,2
61825,20240624,2
61825,20240820,2
61825,20241224,2
61825,20241225,2
61825,20241226,2
66012,20250101,1
66012,20250224,1
66012,20250330,1
66012,20250501,1
66012,20240623,1
66012,20240624,1
66012,20240820,1
66012,20241224,1
66012,20241225,1
66012,20241226,1
64928,20250101,2
64928,20250224,2
64928,20250330,2
64928,20250501,2
64928,20240623,2
64928,20240624,2
64928,20240820,2
64928,20241224,2
64928,20241225,2
64928,20241226,2
66253,20250101,2
66253,20250224,2
66253,20250330,2
66253,20250501,2
66253,20240623,2
66253,20240624,2
66253,20240820,2
66253,20241224,2
66253,20241225,2
66253,20241226,2
66242,20250101,2
66242,20250224,2
66242,20250330,2
66242,20250501,2
66242,20240623,2
66242,20240624,2
66242,20240820,2
66242,20241224,2
66242,20241225,2
66242,20241226,2
66379,20250101,1
66379,20250224,1
66379,20250330,1
66379,20250501,1
66379,20240623,1
66379,20240624,1
66379,20240820,1
66379,20241224,1
66379,20241225,1
66379,20241226,1
66392,20250101,2
66392,20250224,2
66392,20250330,2
66392,20250501,2
66392,20240623,2
66392,20240624,2
66392,20240820,2
66392,20241224,2
66392,20241225,2
66392,20241226,2
66444,20250101,2
66444,20250224,2
66444,20250330,2
66444,20250501,2
66444,20240623,2
66444,20240624,2
66444,20240820,2
66444,20241224,2
66444,20241225,2
66444,20241226,2
66551,20250101,1
66551,20250224,1
66551,20250330,1
66551,20250501,1
66551,20240623,1
66551,20240624,1
66551,20240820,1
66551,20241224,1
66551,20241225,1
66551,20241226,1
66226,20250101,2
66226,20250224,2
66226,20250330,2
66226,20250501,2
66226,20240623,2
66226,20240624,2
66226,20240820,2
66226,20241224,2
66226,20241225,2
66226,20241226,2
65943,20250101,2
65943,20250224,2
65943,20250330,2
65943,20250501,2
65943,20240623,2
65943,20240624,2
65943,20240820,2
65943,20241224,2
65943,20241225,2
65943,20241226,2
65942,20250101,1
65942,20250224,1
65942,20250330,1
65942,20250501,1
65942,20240623,1
65942,20240624,1
65942,20240820,1
65942,20241224,1
65942,20241225,1
65942,20241226,1
66837,20250101,2
66837,20250224,2
66837,20250330,2
66837,20250501,2
66837,20240623,2
66837,20240624,2
66837,20240820,2
66837,20241224,2
66837,20241225,2
66837,20241226,2
64699,20250101,2
64699,20250224,2
64699,20250330,2
64699,20250501,2
64699,20240623,2
64699,20240624,2
64699,20240820,2
64699,20241224,2
64699,20241225,2
64699,20241226,2
64997,20250101,1
64997,20250224,1
64997,20250330,1
64997,20250501,1
64997,20240623,1
64997,20240624,1
64997,20240820,1
64997,20241224,1
64997,20241225,1
64997,20241226,1
64994,20250101,2
64994,20250224,2
64994,20250330,2
64994,20250501,2
64994,20240623,2
64994,20240624,2
64994,20240820,2
64994,20241224,2
64994,20241225,2
64994,20241226,2
64973,20250101,1
64973,20250224,1
64973,20250330,1
64973,20250501,1
64973,20240623,1
64973,20240624,1
64973,20240820,1
64973,20241224,1
64973,20241225,1
64973,20241226,1
61658,20250101,2
61658,20250224,2
61658,20250330,2
61658,20250501,2
61658,20240623,2
61658,20240624,2
61658,20240820,2
61658,20241224,2
61658,20241225,2
61658,20241226,2
66447,20250101,2
66447,20250224,2
66447,20250330,2
66447,20250501,2
66447,20240623,2
66447,20240624,2
66447,20240820,2
66447,20241224,2
66447,20241225,2
66447,20241226,2
66452,20250101,2
66452,20250224,2
66452,20250330,2
66452,20250501,2
66452,20240623,2
66452,20240624,2
66452,20240820,2
66452,20241224,2
66452,20241225,2
66452,20241226,2
66556,20250101,1
66556,20250224,1
66556,20250330,1
66556,20250501,1
66556,20240623,1
66556,20240624,1
66556,20240820,1
66556,20241224,1
66556,20241225,1
66556,20241226,1
65982,20250101,2
65982,20250224,2
65982,20250330,2
65982,20250501,2
65982,20240623,2
65982,20240624,2
65982,20240820,2
65982,20241224,2
65982,20241225,2
65982,20241226,2
65969,20250101,2
65969,20250224,2
65969,20250330,2
65969,20250501,2
65969,20240623,2
65969,20240624,2
65969,20240820,2
65969,20241224,2
65969,20241225,2
65969,20241226,2
65974,20250101,1
65974,20250224,1
65974,20250330,1
65974,20250501,1
65974,20240623,1
65974,20240624,1
65974,20240820,1
65974,20241224,1
65974,20241225,1
65974,20241226,1
64971,20250101,2
64971,20250224,2
64971,20250330,2
64971,20250501,2
64971,20240623,2
64971,20240624,2
64971,20240820,2
64971,20241224,2
64971,20241225,2
64971,20241226,2
65003,20250101,2
65003,20250224,2
65003,20250330,2
65003,20250501,2
65003,20240623,2
65003,20240624,2
65003,20240820,2
65003,20241224,2
65003,20241225,2
65003,20241226,2
65005,20250101,1
65005,20250224,1
65005,20250330,1
65005,20250501,1
65005,20240623,1
65005,20240624,1
65005,20240820,1
65005,20241224,1
65005,20241225,1
65005,20241226,1
66479,20250101,2
66479,20250224,2
66479,20250330,2
66479,20250501,2
66479,20240623,2
66479,20240624,2
66479,20240820,2
66479,20241224,2
66479,20241225,2
66479,20241226,2
66484,20250101,2
66484,20250224,2
66484,20250330,2
66484,20250501,2
66484,20240623,2
66484,20240624,2
66484,20240820,2
66484,20241224,2
66484,20241225,2
66484,20241226,2
66487,20250101,1
66487,20250224,1
66487,20250330,1
66487,20250501,1
66487,20240623,1
66487,20240624,1
66487,20240820,1
66487,20241224,1
66487,20241225,1
66487,20241226,1
67018,20250101,2
67018,20250224,2
67018,20250330,2
67018,20250501,2
67018,20240623,2
67018,20240624,2
67018,20240820,2
67018,20241224,2
67018,20241225,2
67018,20241226,2
62343,20250101,2
62343,20250224,2
62343,20250330,2
62343,20250501,2
62343,20240623,2
62343,20240624,2
62343,20240820,2
62343,20241224,2
62343,20241225,2
62343,20241226,2
62604,20250101,1
62604,20250224,1
62604,20250330,1
62604,20250501,1
62604,20240623,1
62604,20240624,1
62604,20240820,1
62604,20241224,1
62604,20241225,1
62604,20241226,1
65030,20250101,2
65030,20250224,2
65030,20250330,2
65030,20250501,2
65030,20240623,2
65030,20240624,2
65030,20240820,2
65030,20241224,2
65030,20241225,2
65030,20241226,2
65042,20250101,2
65042,20250224,2
65042,20250330,2
65042,20250501,2
65042,20240623,2
65042,20240624,2
65042,20240820,2
65042,20241224,2
65042,20241225,2
65042,20241226,2
65043,20250101,1
65043,20250224,1
65043,20250330,1
65043,20250501,1
65043,20240623,1
65043,20240624,1
65043,20240820,1
65043,20241224,1
65043,20241225,1
65043,20241226,1
66685,20250101,2
66685,20250224,2
66685,20250330,2
66685,20250501,2
66685,20240623,2
66685,20240624,2
66685,20240820,2
66685,20241224,2
66685,20241225,2
66685,20241226,2
66848,20250101,2
66848,20250224,2
66848,20250330,2
66848,20250501,2
66848,20240623,2
66848,20240624,2
66848,20240820,2
66848,20241224,2
66848,20241225,2
66848,20241226,2
35512,20250101,2
35512,20250224,2
35512,20250330,2
35512,20250501,2
35512,20240623,2
35512,20240624,2
35512,20240820,2
35512,20241224,2
35512,20241225,2
35512,20241226,2
66696,20250101,2
66696,20250224,2
66696,20250330,2
66696,20250501,2
66696,20240623,2
66696,20240624,2
66696,20240820,2
66696,20241224,2
66696,20241225,2
66696,20241226,2
66761,20250101,2
66761,20250224,2
66761,20250330,2
66761,20250501,2
66761,20240623,2
66761,20240624,2
66761,20240820,2
66761,20241224,2
66761,20241225,2
66761,20241226,2
66698,20250101,1
66698,20250224,1
66698,20250330,1
66698,20250501,1
66698,20240623,1
66698,20240624,1
66698,20240820,1
66698,20241224,1
66698,20241225,1
66698,20241226,1
60738,20250101,2
60738,20250224,2
60738,20250330,2
60738,20250501,2
60738,20240623,2
60738,20240624,2
60738,20240820,2
60738,20241224,2
60738,20241225,2
60738,20241226,2
35337,20250101,2
35337,20250224,2
35337,20250330,2
35337,20250501,2
35337,20240623,2
35337,20240624,2
35337,20240820,2
35337,20241224,2
35337,20241225,2
35337,20241226,2
35338,20250101,1
35338,20250224,1
35338,20250330,1
35338,20250501,1
35338,20240623,1
35338,20240624,1
35338,20240820,1
35338,20241224,1
35338,20241225,1
35338,20241226,1
65071,20250101,2
65071,20250224,2
65071,20250330,2
65071,20250501,2
65071,20240623,2
65071,20240624,2
65071,20240820,2
65071,20241224,2
65071,20241225,2
65071,20241226,2
65059,20250101,2
65059,20250224,2
65059,20250330,2
65059,20250501,2
65059,20240623,2
65059,20240624,2
65059,20240820,2
65059,20241224,2
65059,20241225,2
65059,20241226,2
65063,20250101,1
65063,20250224,1
65063,20250330,1
65063,20250501,1
65063,20240623,1
65063,20240624,1
65063,20240820,1
65063,20241224,1
65063,20241225,1
65063,20241226,1
66653,20250101,2
66653,20250224,2
66653,20250330,2
66653,20250501,2
66653,20240623,2
66653,20240624,2
66653,20240820,2
66653,20241224,2
66653,20241225,2
66653,20241226,2
66654,20250101,2
66654,20250224,2
66654,20250330,2
66654,20250501,2
66654,20240623,2
66654,20240624,2
66654,20240820,2
66654,20241224,2
66654,20241225,2
66654,20241226,2
66655,20250101,1
66655,20250224,1
66655,20250330,1
66655,20250501,1
66655,20240623,1
66655,20240624,1
66655,20240820,1
66655,20241224,1
66655,20241225,1
66655,20241226,1
61229,20250101,2
61229,20250224,2
61229,20250330,2
61229,20250501,2
61229,20240623,2
61229,20240624,2
61229,20240820,2
61229,20241224,2
61229,20241225,2
61229,20241226,2
64998,20250101,2
64998,20250224,2
64998,20250330,2
64998,20250501,2
64998,20240623,2
64998,20240624,2
64998,20240820,2
64998,20241224,2
64998,20241225,2
64998,20241226,2
64999,20250101,2
64999,20250224,2
64999,20250330,2
64999,20250501,2
64999,20240623,2
64999,20240624,2
64999,20240820,2
64999,20241224,2
64999,20241225,2
64999,20241226,2
65000,20250101,1
65000,20250224,1
65000,20250330,1
65000,20250501,1
65000,20240623,1
65000,20240624,1
65000,20240820,1
65000,20241224,1
65000,20241225,1
65000,20241226,1
63232,20250101,2
63232,20250224,2
63232,20250330,2
63232,20250501,2
63232,20240623,2
63232,20240624,2
63232,20240820,2
63232,20241224,2
63232,20241225,2
63232,20241226,2
38352,20250101,2
38352,20250224,2
38352,20250330,2
38352,20250501,2
38352,20240623,2
38352,20240624,2
38352,20240820,2
38352,20241224,2
38352,20241225,2
38352,20241226,2
38466,20250101,1
38466,20250224,1
38466,20250330,1
38466,20250501,1
38466,20240623,1
38466,20240624,1
38466,20240820,1
38466,20241224,1
38466,20241225,1
38466,20241226,1
59548,20250101,2
59548,20250224,2
59548,20250330,2
59548,20250501,2
59548,20240623,2
59548,20240624,2
59548,20240820,2
59548,20241224,2
59548,20241225,2
59548,20241226,2
59559,20250101,2
59559,20250224,2
59559,20250330,2
59559,20250501,2
59559,20240623,2
59559,20240624,2
59559,20240820,2
59559,20241224,2
59559,20241225,2
59559,20241226,2
59562,20250101,1
59562,20250224,1
59562,20250330,1
59562,20250501,1
59562,20240623,1
59562,20240624,1
59562,20240820,1
59562,20241224,1
59562,20241225,1
59562,20241226,1
60870,20250101,2
60870,20250224,2
60870,20250330,2
60870,20250501,2
60870,20240623,2
60870,20240624,2
60870,20240820,2
60870,20241224,2
60870,20241225,2
60870,20241226,2
60255,20250101,2
60255,20250224,2
60255,20250330,2
60255,20250501,2
60255,20240623,2
60255,20240624,2
60255,20240820,2
60255,20241224,2
60255,20241225,2
60255,20241226,2
60685,20250101,1
60685,20250224,1
60685,20250330,1
60685,20250501,1
60685,20240623,1
60685,20240624,1
60685,20240820,1
60685,20241224,1
60685,20241225,1
60685,20241226,1
56644,20250101,2
56644,20250224,2
56644,20250330,2
56644,20250501,2
56644,20240623,2
56644,20240624,2
56644,20240820,2
56644,20241224,2
56644,20241225,2
56644,20241226,2
57306,20250101,1
57306,20250224,1
57306,20250330,1
57306,20250501,1
57306,20240623,1
57306,20240624,1
57306,20240820,1
57306,20241224,1
57306,20241225,1
57306,20241226,1
51232,20250101,2
51232,20250224,2
51232,20250330,2
51232,20250501,2
51232,20240623,2
51232,20240624,2
51232,20240820,2
51232,20241224,2
51232,20241225,2
51232,20241226,2
51235,20250101,2
51235,20250224,2
51235,20250330,2
51235,20250501,2
51235,20240623,2
51235,20240624,2
51235,20240820,2
51235,20241224,2
51235,20241225,2
51235,20241226,2
51237,20250101,1
51237,20250224,1
51237,20250330,1
51237,20250501,1
51237,20240623,1
51237,20240624,1
51237,20240820,1
51237,20241224,1
51237,20241225,1
51237,20241226,1
60675,20250101,2
60675,20250224,2
60675,20250330,2
60675,20250501,2
60675,20240623,2
60675,20240624,2
60675,20240820,2
60675,20241224,2
60675,20241225,2
60675,20241226,2
60679,20250101,2
60679,20250224,2
60679,20250330,2
60679,20250501,2
60679,20240623,2
60679,20240624,2
60679,20240820,2
60679,20241224,2
60679,20241225,2
60679,20241226,2
60684,20250101,1
60684,20250224,1
60684,20250330,1
60684,20250501,1
60684,20240623,1
60684,20240624,1
60684,20240820,1
60684,20241224,1
60684,20241225,1
60684,20241226,1
66719,20250101,2
66719,20250224,2
66719,20250330,2
66719,20250501,2
66719,20240623,2
66719,20240624,2
66719,20240820,2
66719,20241224,2
66719,20241225,2
66719,20241226,2
66699,20250101,2
66699,20250224,2
66699,20250330,2
66699,20250501,2
66699,20240623,2
66699,20240624,2
66699,20240820,2
66699,20241224,2
66699,20241225,2
66699,20241226,2
66700,20250101,2
66700,20250224,2
66700,20250330,2
66700,20250501,2
66700,20240623,2
66700,20240624,2
66700,20240820,2
66700,20241224,2
66700,20241225,2
66700,20241226,2
66701,20250101,1
66701,20250224,1
66701,20250330,1
66701,20250501,1
66701,20240623,1
66701,20240624,1
66701,20240820,1
66701,20241224,1
66701,20241225,1
66701,20241226,1
66146,20250101,2
66146,20250224,2
66146,20250330,2
66146,20250501,2
66146,20240623,2
66146,20240624,2
66146,20240820,2
66146,20241224,2
66146,20241225,2
66146,20241226,2
66397,20250101,2
66397,20250224,2
66397,20250330,2
66397,20250501,2
66397,20240623,2
66397,20240624,2
66397,20240820,2
66397,20241224,2
66397,20241225,2
66397,20241226,2
66398,20250101,1
66398,20250224,1
66398,20250330,1
66398,20250501,1
66398,20240623,1
66398,20240624,1
66398,20240820,1
66398,20241224,1
66398,20241225,1
66398,20241226,1
66384,20250101,2
66384,20250224,2
66384,20250330,2
66384,20250501,2
66384,20240623,2
66384,20240624,2
66384,20240820,2
66384,20241224,2
66384,20241225,2
66384,20241226,2
66546,20250101,2
66546,20250224,2
66546,20250330,2
66546,20250501,2
66546,20240623,2
66546,20240624,2
66546,20240820,2
66546,20241224,2
66546,20241225,2
66546,20241226,2
66550,20250101,1
66550,20250224,1
66550,20250330,1
66550,20250501,1
66550,20240623,1
66550,20240624,1
66550,20240820,1
66550,20241224,1
66550,20241225,1
66550,20241226,1
64126,20250101,2
64126,20250224,2
64126,20250330,2
64126,20250501,2
64126,20240623,2
64126,20240624,2
64126,20240820,2
64126,20241224,2
64126,20241225,2
64126,20241226,2
64613,20250101,1
64613,20250224,1
64613,20250330,1
64613,20250501,1
64613,20240623,1
64613,20240624,1
64613,20240820,1
64613,20241224,1
64613,20241225,1
64613,20241226,1
63003,20250101,2
63003,20250224,2
63003,20250330,2
63003,20250501,2
63003,20240623,2
63003,20240624,2
63003,20240820,2
63003,20241224,2
63003,20241225,2
63003,20241226,2
67105,20250101,2
67105,20250224,2
67105,20250330,2
67105,20250501,2
67105,20240623,2
67105,20240624,2
67105,20240820,2
67105,20241224,2
67105,20241225,2
67105,20241226,2
66511,20250101,2
66511,20250224,2
66511,20250330,2
66511,20250501,2
66511,20240623,2
66511,20240624,2
66511,20240820,2
66511,20241224,2
66511,20241225,2
66511,20241226,2
66518,20250101,1
66518,20250224,1
66518,20250330,1
66518,20250501,1
66518,20240623,1
66518,20240624,1
66518,20240820,1
66518,20241224,1
66518,20241225,1
66518,20241226,1
66506,20250101,2
66506,20250224,2
66506,20250330,2
66506,20250501,2
66506,20240623,2
66506,20240624,2
66506,20240820,2
66506,20241224,2
66506,20241225,2
66506,20241226,2
66510,20250101,1
66510,20250224,1
66510,20250330,1
66510,20250501,1
66510,20240623,1
66510,20240624,1
66510,20240820,1
66510,20241224,1
66510,20241225,1
66510,20241226,1
66520,20250101,2
66520,20250224,2
66520,20250330,2
66520,20250501,2
66520,20240623,2
66520,20240624,2
66520,20240820,2
66520,20241224,2
66520,20241225,2
66520,20241226,2
66519,20250101,1
66519,20250224,1
66519,20250330,1
66519,20250501,1
66519,20240623,1
66519,20240624,1
66519,20240820,1
66519,20241224,1
66519,20241225,1
66519,20241226,1
66524,20250101,2
66524,20250224,2
66524,20250330,2
66524,20250501,2
66524,20240623,2
66524,20240624,2
66524,20240820,2
66524,20241224,2
66524,20241225,2
66524,20241226,2
66523,20250101,1
66523,20250224,1
66523,20250330,1
66523,20250501,1
66523,20240623,1
66523,20240624,1
66523,20240820,1
66523,20241224,1
66523,20241225,1
66523,20241226,1
65614,20250101,2
65614,20250224,2
65614,20250330,2
65614,20250501,2
65614,20240623,2
65614,20240624,2
65614,20240820,2
65614,20241224,2
65614,20241225,2
65614,20241226,2
65615,20250101,1
65615,20250224,1
65615,20250330,1
65615,20250501,1
65615,20240623,1
65615,20240624,1
65615,20240820,1
65615,20241224,1
65615,20241225,1
65615,20241226,1
65626,20250101,2
65626,20250224,2
65626,20250330,2
65626,20250501,2
65626,20240623,2
65626,20240624,2
65626,20240820,2
65626,20241224,2
65626,20241225,2
65626,20241226,2
65625,20250101,1
65625,20250224,1
65625,20250330,1
65625,20250501,1
65625,20240623,1
65625,20240624,1
65625,20240820,1
65625,20241224,1
65625,20241225,1
65625,20241226,1
66527,20250101,2
66527,20250224,2
66527,20250330,2
66527,20250501,2
66527,20240623,2
66527,20240624,2
66527,20240820,2
66527,20241224,2
66527,20241225,2
66527,20241226,2
66526,20250101,1
66526,20250224,1
66526,20250330,1
66526,20250501,1
66526,20240623,1
66526,20240624,1
66526,20240820,1
66526,20241224,1
66526,20241225,1
66526,20241226,1
66227,20250101,2
66227,20250224,2
66227,20250330,2
66227,20250501,2
66227,20240623,2
66227,20240624,2
66227,20240820,2
66227,20241224,2
66227,20241225,2
66227,20241226,2
62105,20250101,2
62105,20250224,2
62105,20250330,2
62105,20250501,2
62105,20240623,2
62105,20240624,2
62105,20240820,2
62105,20241224,2
62105,20241225,2
62105,20241226,2
62106,20250101,2
62106,20250224,2
62106,20250330,2
62106,20250501,2
62106,20240623,2
62106,20240624,2
62106,20240820,2
62106,20241224,2
62106,20241225,2
62106,20241226,2
62107,20250101,2
62107,20250224,2
62107,20250330,2
62107,20250501,2
62107,20240623,2
62107,20240624,2
62107,20240820,2
62107,20241224,2
62107,20241225,2
62107,20241226,2
62108,20250101,2
62108,20250224,2
62108,20250330,2
62108,20250501,2
62108,20240623,2
62108,20240624,2
62108,20240820,2
62108,20241224,2
62108,20241225,2
62108,20241226,2
54456,20250101,2
54456,20250224,2
54456,20250330,2
54456,20250501,2
54456,20240623,2
54456,20240624,2
54456,20240820,2
54456,20241224,2
54456,20241225,2
54456,20241226,2
60335,20250101,2
60335,20250224,2
60335,20250330,2
60335,20250501,2
60335,20240623,2
60335,20240624,2
60335,20240820,2
60335,20241224,2
60335,20241225,2
60335,20241226,2
60336,20250101,2
60336,20250224,2
60336,20250330,2
60336,20250501,2
60336,20240623,2
60336,20240624,2
60336,20240820,2
60336,20241224,2
60336,20241225,2
60336,20241226,2
66150,20250101,2
66150,20250224,2
66150,20250330,2
66150,20250501,2
66150,20240623,2
66150,20240624,2
66150,20240820,2
66150,20241224,2
66150,20241225,2
66150,20241226,2
67157,20250101,2
67157,20250224,2
67157,20250330,2
67157,20250501,2
67157,20240623,2
67157,20240624,2
67157,20240820,2
67157,20241224,2
67157,20241225,2
67157,20241226,2
67156,20250101,2
67156,20250224,2
67156,20250330,2
67156,20250501,2
67156,20240623,2
67156,20240624,2
67156,20240820,2
67156,20241224,2
67156,20241225,2
67156,20241226,2
67155,20250101,2
67155,20250224,2
67155,20250330,2
67155,20250501,2
67155,20240623,2
67155,20240624,2
67155,20240820,2
67155,20241224,2
67155,20241225,2
67155,20241226,2
66153,20250101,2
66153,20250224,2
66153,20250330,2
66153,20250501,2
66153,20240623,2
66153,20240624,2
66153,20240820,2
66153,20241224,2
66153,20241225,2
66153,20241226,2
64820,20250101,2
64820,20250224,2
64820,20250330,2
64820,20250501,2
64820,20240623,2
64820,20240624,2
64820,20240820,2
64820,20241224,2
64820,20241225,2
64820,20241226,2
62423,20250101,2
62423,20250224,2
62423,20250330,2
62423,20250501,2
62423,20240623,2
62423,20240624,2
62423,20240820,2
62423,20241224,2
62423,20241225,2
62423,20241226,2
66155,20250101,2
66155,20250224,2
66155,20250330,2
66155,20250501,2
66155,20240623,2
66155,20240624,2
66155,20240820,2
66155,20241224,2
66155,20241225,2
66155,20241226,2
66157,20250101,2
66157,20250224,2
66157,20250330,2
66157,20250501,2
66157,20240623,2
66157,20240624,2
66157,20240820,2
66157,20241224,2
66157,20241225,2
66157,20241226,2
66159,20250101,2
66159,20250224,2
66159,20250330,2
66159,20250501,2
66159,20240623,2
66159,20240624,2
66159,20240820,2
66159,20241224,2
66159,20241225,2
66159,20241226,2
66161,20250101,2
66161,20250224,2
66161,20250330,2
66161,20250501,2
66161,20240623,2
66161,20240624,2
66161,20240820,2
66161,20241224,2
66161,20241225,2
66161,20241226,2
64105,20250101,2
64105,20250224,2
64105,20250330,2
64105,20250501,2
64105,20240623,2
64105,20240624,2
64105,20240820,2
64105,20241224,2
64105,20241225,2
64105,20241226,2
64410,20250101,2
64410,20250224,2
64410,20250330,2
64410,20250501,2
64410,20240623,2
64410,20240624,2
64410,20240820,2
64410,20241224,2
64410,20241225,2
64410,20241226,2
62192,20250101,2
62192,20250224,2
62192,20250330,2
62192,20250501,2
62192,20240623,2
62192,20240624,2
62192,20240820,2
62192,20241224,2
62192,20241225,2
62192,20241226,2
62182,20250101,2
62182,20250224,2
62182,20250330,2
62182,20250501,2
62182,20240623,2
62182,20240624,2
62182,20240820,2
62182,20241224,2
62182,20241225,2
62182,20241226,2
62180,20250101,2
62180,20250224,2
62180,20250330,2
62180,20250501,2
62180,20240623,2
62180,20240624,2
62180,20240820,2
62180,20241224,2
62180,20241225,2
62180,20241226,2
63251,20250101,2
63251,20250224,2
63251,20250330,2
63251,20250501,2
63251,20240623,2
63251,20240624,2
63251,20240820,2
63251,20241224,2
63251,20241225,2
63251,20241226,2
63599,20250101,2
63599,20250224,2
63599,20250330,2
63599,20250501,2
63599,20240623,2
63599,20240624,2
63599,20240820,2
63599,20241224,2
63599,20241225,2
63599,20241226,2
62191,20250101,2
62191,20250224,2
62191,20250330,2
62191,20250501,2
62191,20240623,2
62191,20240624,2
62191,20240820,2
62191,20241224,2
62191,20241225,2
62191,20241226,2
64106,20250101,2
64106,20250224,2
64106,20250330,2
64106,20250501,2
64106,20240623,2
64106,20240624,2
64106,20240820,2
64106,20241224,2
64106,20241225,2
64106,20241226,2
66250,20250101,2
66250,20250224,2
66250,20250330,2
66250,20250501,2
66250,20240623,2
66250,20240624,2
66250,20240820,2
66250,20241224,2
66250,20241225,2
66250,20241226,2
64107,20250101,2
64107,20250224,2
64107,20250330,2
64107,20250501,2
64107,20240623,2
64107,20240624,2
64107,20240820,2
64107,20241224,2
64107,20241225,2
64107,20241226,2
62186,20250101,2
62186,20250224,2
62186,20250330,2
62186,20250501,2
62186,20240623,2
62186,20240624,2
62186,20240820,2
62186,20241224,2
62186,20241225,2
62186,20241226,2
64027,20250101,2
64027,20250224,2
64027,20250330,2
64027,20250501,2
64027,20240623,2
64027,20240624,2
64027,20240820,2
64027,20241224,2
64027,20241225,2
64027,20241226,2
66358,20250101,2
66358,20250224,2
66358,20250330,2
66358,20250501,2
66358,20240623,2
66358,20240624,2
66358,20240820,2
66358,20241224,2
66358,20241225,2
66358,20241226,2
63674,20250101,2
63674,20250224,2
63674,20250330,2
63674,20250501,2
63674,20240623,2
63674,20240624,2
63674,20240820,2
63674,20241224,2
63674,20241225,2
63674,20241226,2
63655,20250101,2
63655,20250224,2
63655,20250330,2
63655,20250501,2
63655,20240623,2
63655,20240624,2
63655,20240820,2
63655,20241224,2
63655,20241225,2
63655,20241226,2
64790,20250101,2
64790,20250224,2
64790,20250330,2
64790,20250501,2
64790,20240623,2
64790,20240624,2
64790,20240820,2
64790,20241224,2
64790,20241225,2
64790,20241226,2
63216,20250101,2
63216,20250224,2
63216,20250330,2
63216,20250501,2
63216,20240623,2
63216,20240624,2
63216,20240820,2
63216,20241224,2
63216,20241225,2
63216,20241226,2
64791,20250101,2
64791,20250224,2
64791,20250330,2
64791,20250501,2
64791,20240623,2
64791,20240624,2
64791,20240820,2
64791,20241224,2
64791,20241225,2
64791,20241226,2
63218,20250101,2
63218,20250224,2
63218,20250330,2
63218,20250501,2
63218,20240623,2
63218,20240624,2
63218,20240820,2
63218,20241224,2
63218,20241225,2
63218,20241226,2
64792,20250101,2
64792,20250224,2
64792,20250330,2
64792,20250501,2
64792,20240623,2
64792,20240624,2
64792,20240820,2
64792,20241224,2
64792,20241225,2
64792,20241226,2
63220,20250101,2
63220,20250224,2
63220,20250330,2
63220,20250501,2
63220,20240623,2
63220,20240624,2
63220,20240820,2
63220,20241224,2
63220,20241225,2
63220,20241226,2
64793,20250101,2
64793,20250224,2
64793,20250330,2
64793,20250501,2
64793,20240623,2
64793,20240624,2
64793,20240820,2
64793,20241224,2
64793,20241225,2
64793,20241226,2
63222,20250101,2
63222,20250224,2
63222,20250330,2
63222,20250501,2
63222,20240623,2
63222,20240624,2
63222,20240820,2
63222,20241224,2
63222,20241225,2
63222,20241226,2
63653,20250101,2
63653,20250224,2
63653,20250330,2
63653,20250501,2
63653,20240623,2
63653,20240624,2
63653,20240820,2
63653,20241224,2
63653,20241225,2
63653,20241226,2
63648,20250101,2
63648,20250224,2
63648,20250330,2
63648,20250501,2
63648,20240623,2
63648,20240624,2
63648,20240820,2
63648,20241224,2
63648,20241225,2
63648,20241226,2
63539,20250101,2
63539,20250224,2
63539,20250330,2
63539,20250501,2
63539,20240623,2
63539,20240624,2
63539,20240820,2
63539,20241224,2
63539,20241225,2
63539,20241226,2
63540,20250101,1
63540,20250224,1
63540,20250330,1
63540,20250501,1
63540,20240623,1
63540,20240624,1
63540,20240820,1
63540,20241224,1
63540,20241225,1
63540,20241226,1
63649,20250101,2
63649,20250224,2
63649,20250330,2
63649,20250501,2
63649,20240623,2
63649,20240624,2
63649,20240820,2
63649,20241224,2
63649,20241225,2
63649,20241226,2
63650,20250101,2
63650,20250224,2
63650,20250330,2
63650,20250501,2
63650,20240623,2
63650,20240624,2
63650,20240820,2
63650,20241224,2
63650,20241225,2
63650,20241226,2
63541,20250101,2
63541,20250224,2
63541,20250330,2
63541,20250501,2
63541,20240623,2
63541,20240624,2
63541,20240820,2
63541,20241224,2
63541,20241225,2
63541,20241226,2
63542,20250101,2
63542,20250224,2
63542,20250330,2
63542,20250501,2
63542,20240623,2
63542,20240624,2
63542,20240820,2
63542,20241224,2
63542,20241225,2
63542,20241226,2
63543,20250101,1
63543,20250224,1
63543,20250330,1
63543,20250501,1
63543,20240623,1
63543,20240624,1
63543,20240820,1
63543,20241224,1
63543,20241225,1
63543,20241226,1
63652,20250101,2
63652,20250224,2
63652,20250330,2
63652,20250501,2
63652,20240623,2
63652,20240624,2
63652,20240820,2
63652,20241224,2
63652,20241225,2
63652,20241226,2
63654,20250101,2
63654,20250224,2
63654,20250330,2
63654,20250501,2
63654,20240623,2
63654,20240624,2
63654,20240820,2
63654,20241224,2
63654,20241225,2
63654,20241226,2
63651,20250101,2
63651,20250224,2
63651,20250330,2
63651,20250501,2
63651,20240623,2
63651,20240624,2
63651,20240820,2
63651,20241224,2
63651,20241225,2
63651,20241226,2
65948,20250101,2
65948,20250224,2
65948,20250330,2
65948,20250501,2
65948,20240623,2
65948,20240624,2
65948,20240820,2
65948,20241224,2
65948,20241225,2
65948,20241226,2
64678,20250101,2
64678,20250224,2
64678,20250330,2
64678,20250501,2
64678,20240623,2
64678,20240624,2
64678,20240820,2
64678,20241224,2
64678,20241225,2
64678,20241226,2
65952,20250101,2
65952,20250224,2
65952,20250330,2
65952,20250501,2
65952,20240623,2
65952,20240624,2
65952,20240820,2
65952,20241224,2
65952,20241225,2
65952,20241226,2
63976,20250101,2
63976,20250224,2
63976,20250330,2
63976,20250501,2
63976,20240623,2
63976,20240624,2
63976,20240820,2
63976,20241224,2
63976,20241225,2
63976,20241226,2
63450,20250101,2
63450,20250224,2
63450,20250330,2
63450,20250501,2
63450,20240623,2
63450,20240624,2
63450,20240820,2
63450,20241224,2
63450,20241225,2
63450,20241226,2
66742,20250101,2
66742,20250224,2
66742,20250330,2
66742,20250501,2
66742,20240623,2
66742,20240624,2
66742,20240820,2
66742,20241224,2
66742,20241225,2
66742,20241226,2
66235,20250101,2
66235,20250224,2
66235,20250330,2
66235,20250501,2
66235,20240623,2
66235,20240624,2
66235,20240820,2
66235,20241224,2
66235,20241225,2
66235,20241226,2
66233,20250101,2
66233,20250224,2
66233,20250330,2
66233,20250501,2
66233,20240623,2
66233,20240624,2
66233,20240820,2
66233,20241224,2
66233,20241225,2
66233,20241226,2
63615,20250101,2
63615,20250224,2
63615,20250330,2
63615,20250501,2
63615,20240623,2
63615,20240624,2
63615,20240820,2
63615,20241224,2
63615,20241225,2
63615,20241226,2
58433,20250101,2
58433,20250224,2
58433,20250330,2
58433,20250501,2
58433,20240623,2
58433,20240624,2
58433,20240820,2
58433,20241224,2
58433,20241225,2
58433,20241226,2
66257,20250101,2
66257,20250224,2
66257,20250330,2
66257,20250501,2
66257,20240623,2
66257,20240624,2
66257,20240820,2
66257,20241224,2
66257,20241225,2
66257,20241226,2
66338,20250101,2
66338,20250224,2
66338,20250330,2
66338,20250501,2
66338,20240623,2
66338,20240624,2
66338,20240820,2
66338,20241224,2
66338,20241225,2
66338,20241226,2
66339,20250101,2
66339,20250224,2
66339,20250330,2
66339,20250501,2
66339,20240623,2
66339,20240624,2
66339,20240820,2
66339,20241224,2
66339,20241225,2
66339,20241226,2
65840,20250101,2
65840,20250224,2
65840,20250330,2
65840,20250501,2
65840,20240623,2
65840,20240624,2
65840,20240820,2
65840,20241224,2
65840,20241225,2
65840,20241226,2
65841,20250101,2
65841,20250224,2
65841,20250330,2
65841,20250501,2
65841,20240623,2
65841,20240624,2
65841,20240820,2
65841,20241224,2
65841,20241225,2
65841,20241226,2
65842,20250101,2
65842,20250224,2
65842,20250330,2
65842,20250501,2
65842,20240623,2
65842,20240624,2
65842,20240820,2
65842,20241224,2
65842,20241225,2
65842,20241226,2
65843,20250101,2
65843,20250224,2
65843,20250330,2
65843,20250501,2
65843,20240623,2
65843,20240624,2
65843,20240820,2
65843,20241224,2
65843,20241225,2
65843,20241226,2
66214,20250101,2
66214,20250224,2
66214,20250330,2
66214,20250501,2
66214,20240623,2
66214,20240624,2
66214,20240820,2
66214,20241224,2
66214,20241225,2
66214,20241226,2
65845,20250101,2
65845,20250224,2
65845,20250330,2
65845,20250501,2
65845,20240623,2
65845,20240624,2
65845,20240820,2
65845,20241224,2
65845,20241225,2
65845,20241226,2
65831,20250101,2
65831,20250224,2
65831,20250330,2
65831,20250501,2
65831,20240623,2
65831,20240624,2
65831,20240820,2
65831,20241224,2
65831,20241225,2
65831,20241226,2
65832,20250101,2
65832,20250224,2
65832,20250330,2
65832,20250501,2
65832,20240623,2
65832,20240624,2
65832,20240820,2
65832,20241224,2
65832,20241225,2
65832,20241226,2
65833,20250101,2
65833,20250224,2
65833,20250330,2
65833,20250501,2
65833,20240623,2
65833,20240624,2
65833,20240820,2
65833,20241224,2
65833,20241225,2
65833,20241226,2
65834,20250101,2
65834,20250224,2
65834,20250330,2
65834,20250501,2
65834,20240623,2
65834,20240624,2
65834,20240820,2
65834,20241224,2
65834,20241225,2
65834,20241226,2
65835,20250101,2
65835,20250224,2
65835,20250330,2
65835,20250501,2
65835,20240623,2
65835,20240624,2
65835,20240820,2
65835,20241224,2
65835,20241225,2
65835,20241226,2
65957,20250101,2
65957,20250224,2
65957,20250330,2
65957,20250501,2
65957,20240623,2
65957,20240624,2
65957,20240820,2
65957,20241224,2
65957,20241225,2
65957,20241226,2
65837,20250101,2
65837,20250224,2
65837,20250330,2
65837,20250501,2
65837,20240623,2
65837,20240624,2
65837,20240820,2
65837,20241224,2
65837,20241225,2
65837,20241226,2
65838,20250101,2
65838,20250224,2
65838,20250330,2
65838,20250501,2
65838,20240623,2
65838,20240624,2
65838,20240820,2
65838,20241224,2
65838,20241225,2
65838,20241226,2
67110,20250101,2
67110,20250224,2
67110,20250330,2
67110,20250501,2
67110,20240623,2
67110,20240624,2
67110,20240820,2
67110,20241224,2
67110,20241225,2
67110,20241226,2
63448,20250101,2
63448,20250224,2
63448,20250330,2
63448,20250501,2
63448,20240623,2
63448,20240624,2
63448,20240820,2
63448,20241224,2
63448,20241225,2
63448,20241226,2
66944,20250101,2
66944,20250224,2
66944,20250330,2
66944,20250501,2
66944,20240623,2
66944,20240624,2
66944,20240820,2
66944,20241224,2
66944,20241225,2
66944,20241226,2
65683,20250101,2
65683,20250224,2
65683,20250330,2
65683,20250501,2
65683,20240623,2
65683,20240624,2
65683,20240820,2
65683,20241224,2
65683,20241225,2
65683,20241226,2
63440,20250101,2
63440,20250224,2
63440,20250330,2
63440,20250501,2
63440,20240623,2
63440,20240624,2
63440,20240820,2
63440,20241224,2
63440,20241225,2
63440,20241226,2
65682,20250101,2
65682,20250224,2
65682,20250330,2
65682,20250501,2
65682,20240623,2
65682,20240624,2
65682,20240820,2
65682,20241224,2
65682,20241225,2
65682,20241226,2
63442,20250101,2
63442,20250224,2
63442,20250330,2
63442,20250501,2
63442,20240623,2
63442,20240624,2
63442,20240820,2
63442,20241224,2
63442,20241225,2
63442,20241226,2
63443,20250101,2
63443,20250224,2
63443,20250330,2
63443,20250501,2
63443,20240623,2
63443,20240624,2
63443,20240820,2
63443,20241224,2
63443,20241225,2
63443,20241226,2
67111,20250101,2
67111,20250224,2
67111,20250330,2
67111,20250501,2
67111,20240623,2
67111,20240624,2
67111,20240820,2
67111,20241224,2
67111,20241225,2
67111,20241226,2
67112,20250101,2
67112,20250224,2
67112,20250330,2
67112,20250501,2
67112,20240623,2
67112,20240624,2
67112,20240820,2
67112,20241224,2
67112,20241225,2
67112,20241226,2
64173,20250101,2
64173,20250224,2
64173,20250330,2
64173,20250501,2
64173,20240623,2
64173,20240624,2
64173,20240820,2
64173,20241224,2
64173,20241225,2
64173,20241226,2
63447,20250101,2
63447,20250224,2
63447,20250330,2
63447,20250501,2
63447,20240623,2
63447,20240624,2
63447,20240820,2
63447,20241224,2
63447,20241225,2
63447,20241226,2
63348,20250101,2
63348,20250224,2
63348,20250330,2
63348,20250501,2
63348,20240623,2
63348,20240624,2
63348,20240820,2
63348,20241224,2
63348,20241225,2
63348,20241226,2
65998,20250101,2
65998,20250224,2
65998,20250330,2
65998,20250501,2
65998,20240623,2
65998,20240624,2
65998,20240820,2
65998,20241224,2
65998,20241225,2
65998,20241226,2
65999,20250101,2
65999,20250224,2
65999,20250330,2
65999,20250501,2
65999,20240623,2
65999,20240624,2
65999,20240820,2
65999,20241224,2
65999,20241225,2
65999,20241226,2
63639,20250101,2
63639,20250224,2
63639,20250330,2
63639,20250501,2
63639,20240623,2
63639,20240624,2
63639,20240820,2
63639,20241224,2
63639,20241225,2
63639,20241226,2
64412,20250101,2
64412,20250224,2
64412,20250330,2
64412,20250501,2
64412,20240623,2
64412,20240624,2
64412,20240820,2
64412,20241224,2
64412,20241225,2
64412,20241226,2
64414,20250101,2
64414,20250224,2
64414,20250330,2
64414,20250501,2
64414,20240623,2
64414,20240624,2
64414,20240820,2
64414,20241224,2
64414,20241225,2
64414,20241226,2
66912,20250101,2
66912,20250224,2
66912,20250330,2
66912,20250501,2
66912,20240623,2
66912,20240624,2
66912,20240820,2
66912,20241224,2
66912,20241225,2
66912,20241226,2
66913,20250101,2
66913,20250224,2
66913,20250330,2
66913,20250501,2
66913,20240623,2
66913,20240624,2
66913,20240820,2
66913,20241224,2
66913,20241225,2
66913,20241226,2
63343,20250101,2
63343,20250224,2
63343,20250330,2
63343,20250501,2
63343,20240623,2
63343,20240624,2
63343,20240820,2
63343,20241224,2
63343,20241225,2
63343,20241226,2
63340,20250101,2
63340,20250224,2
63340,20250330,2
63340,20250501,2
63340,20240623,2
63340,20240624,2
63340,20240820,2
63340,20241224,2
63340,20241225,2
63340,20241226,2
63899,20250101,2
63899,20250224,2
63899,20250330,2
63899,20250501,2
63899,20240623,2
63899,20240624,2
63899,20240820,2
63899,20241224,2
63899,20241225,2
63899,20241226,2
64269,20250101,2
64269,20250224,2
64269,20250330,2
64269,20250501,2
64269,20240623,2
64269,20240624,2
64269,20240820,2
64269,20241224,2
64269,20241225,2
64269,20241226,2
66460,20250101,2
66460,20250224,2
66460,20250330,2
66460,20250501,2
66460,20240623,2
66460,20240624,2
66460,20240820,2
66460,20241224,2
66460,20241225,2
66460,20241226,2
66710,20250101,2
66710,20250224,2
66710,20250330,2
66710,20250501,2
66710,20240623,2
66710,20240624,2
66710,20240820,2
66710,20241224,2
66710,20241225,2
66710,20241226,2
66462,20250101,2
66462,20250224,2
66462,20250330,2
66462,20250501,2
66462,20240623,2
66462,20240624,2
66462,20240820,2
66462,20241224,2
66462,20241225,2
66462,20241226,2
66463,20250101,2
66463,20250224,2
66463,20250330,2
66463,20250501,2
66463,20240623,2
66463,20240624,2
66463,20240820,2
66463,20241224,2
66463,20241225,2
66463,20241226,2
66711,20250101,2
66711,20250224,2
66711,20250330,2
66711,20250501,2
66711,20240623,2
66711,20240624,2
66711,20240820,2
66711,20241224,2
66711,20241225,2
66711,20241226,2
66467,20250101,2
66467,20250224,2
66467,20250330,2
66467,20250501,2
66467,20240623,2
66467,20240624,2
66467,20240820,2
66467,20241224,2
66467,20241225,2
66467,20241226,2
66468,20250101,2
66468,20250224,2
66468,20250330,2
66468,20250501,2
66468,20240623,2
66468,20240624,2
66468,20240820,2
66468,20241224,2
66468,20241225,2
66468,20241226,2
66686,20250101,2
66686,20250224,2
66686,20250330,2
66686,20250501,2
66686,20240623,2
66686,20240624,2
66686,20240820,2
66686,20241224,2
66686,20241225,2
66686,20241226,2
62632,20250101,2
62632,20250224,2
62632,20250330,2
62632,20250501,2
62632,20240623,2
62632,20240624,2
62632,20240820,2
62632,20241224,2
62632,20241225,2
62632,20241226,2
62644,20250101,2
62644,20250224,2
62644,20250330,2
62644,20250501,2
62644,20240623,2
62644,20240624,2
62644,20240820,2
62644,20241224,2
62644,20241225,2
62644,20241226,2
62653,20250101,1
62653,20250224,1
62653,20250330,1
62653,20250501,1
62653,20240623,1
62653,20240624,1
62653,20240820,1
62653,20241224,1
62653,20241225,1
62653,20241226,1
66432,20250101,1
66432,20250224,1
66432,20250330,1
66432,20250501,1
66432,20240623,1
66432,20240624,1
66432,20240820,1
66432,20241224,1
66432,20241225,1
66432,20241226,1
64378,20250101,2
64378,20250224,2
64378,20250330,2
64378,20250501,2
64378,20240623,2
64378,20240624,2
64378,20240820,2
64378,20241224,2
64378,20241225,2
64378,20241226,2
62649,20250101,2
62649,20250224,2
62649,20250330,2
62649,20250501,2
62649,20240623,2
62649,20240624,2
62649,20240820,2
62649,20241224,2
62649,20241225,2
62649,20241226,2
62645,20250101,2
62645,20250224,2
62645,20250330,2
62645,20250501,2
62645,20240623,2
62645,20240624,2
62645,20240820,2
62645,20241224,2
62645,20241225,2
62645,20241226,2
62650,20250101,1
62650,20250224,1
62650,20250330,1
62650,20250501,1
62650,20240623,1
62650,20240624,1
62650,20240820,1
62650,20241224,1
62650,20241225,1
62650,20241226,1
64283,20250101,2
64283,20250224,2
64283,20250330,2
64283,20250501,2
64283,20240623,2
64283,20240624,2
64283,20240820,2
64283,20241224,2
64283,20241225,2
64283,20241226,2
62646,20250101,2
62646,20250224,2
62646,20250330,2
62646,20250501,2
62646,20240623,2
62646,20240624,2
62646,20240820,2
62646,20241224,2
62646,20241225,2
62646,20241226,2
62990,20250101,1
62990,20250224,1
62990,20250330,1
62990,20250501,1
62990,20240623,1
62990,20240624,1
62990,20240820,1
62990,20241224,1
62990,20241225,1
62990,20241226,1
66449,20250101,2
66449,20250224,2
66449,20250330,2
66449,20250501,2
66449,20240623,2
66449,20240624,2
66449,20240820,2
66449,20241224,2
66449,20241225,2
66449,20241226,2
62647,20250101,2
62647,20250224,2
62647,20250330,2
62647,20250501,2
62647,20240623,2
62647,20240624,2
62647,20240820,2
62647,20241224,2
62647,20241225,2
62647,20241226,2
62655,20250101,1
62655,20250224,1
62655,20250330,1
62655,20250501,1
62655,20240623,1
62655,20240624,1
62655,20240820,1
62655,20241224,1
62655,20241225,1
62655,20241226,1
62652,20250101,1
62652,20250224,1
62652,20250330,1
62652,20250501,1
62652,20240623,1
62652,20240624,1
62652,20240820,1
62652,20241224,1
62652,20241225,1
62652,20241226,1
62648,20250101,2
62648,20250224,2
62648,20250330,2
62648,20250501,2
62648,20240623,2
62648,20240624,2
62648,20240820,2
62648,20241224,2
62648,20241225,2
62648,20241226,2
63327,20250101,2
63327,20250224,2
63327,20250330,2
63327,20250501,2
63327,20240623,2
63327,20240624,2
63327,20240820,2
63327,20241224,2
63327,20241225,2
63327,20241226,2
63328,20250101,2
63328,20250224,2
63328,20250330,2
63328,20250501,2
63328,20240623,2
63328,20240624,2
63328,20240820,2
63328,20241224,2
63328,20241225,2
63328,20241226,2
63329,20250101,2
63329,20250224,2
63329,20250330,2
63329,20250501,2
63329,20240623,2
63329,20240624,2
63329,20240820,2
63329,20241224,2
63329,20241225,2
63329,20241226,2
63330,20250101,2
63330,20250224,2
63330,20250330,2
63330,20250501,2
63330,20240623,2
63330,20240624,2
63330,20240820,2
63330,20241224,2
63330,20241225,2
63330,20241226,2
64622,20250101,2
64622,20250224,2
64622,20250330,2
64622,20250501,2
64622,20240623,2
64622,20240624,2
64622,20240820,2
64622,20241224,2
64622,20241225,2
64622,20241226,2
64623,20250101,1
64623,20250224,1
64623,20250330,1
64623,20250501,1
64623,20240623,1
64623,20240624,1
64623,20240820,1
64623,20241224,1
64623,20241225,1
64623,20241226,1
64619,20250101,2
64619,20250224,2
64619,20250330,2
64619,20250501,2
64619,20240623,2
64619,20240624,2
64619,20240820,2
64619,20241224,2
64619,20241225,2
64619,20241226,2
64620,20250101,1
64620,20250224,1
64620,20250330,1
64620,20250501,1
64620,20240623,1
64620,20240624,1
64620,20240820,1
64620,20241224,1
64620,20241225,1
64620,20241226,1
64930,20250101,2
64930,20250224,2
64930,20250330,2
64930,20250501,2
64930,20240623,2
64930,20240624,2
64930,20240820,2
64930,20241224,2
64930,20241225,2
64930,20241226,2
64931,20250101,1
64931,20250224,1
64931,20250330,1
64931,20250501,1
64931,20240623,1
64931,20240624,1
64931,20240820,1
64931,20241224,1
64931,20241225,1
64931,20241226,1
64144,20250101,2
64144,20250224,2
64144,20250330,2
64144,20250501,2
64144,20240623,2
64144,20240624,2
64144,20240820,2
64144,20241224,2
64144,20241225,2
64144,20241226,2
63270,20250101,1
63270,20250224,1
63270,20250330,1
63270,20250501,1
63270,20240623,1
63270,20240624,1
63270,20240820,1
63270,20241224,1
63270,20241225,1
63270,20241226,1
63400,20250101,2
63400,20250224,2
63400,20250330,2
63400,20250501,2
63400,20240623,2
63400,20240624,2
63400,20240820,2
63400,20241224,2
63400,20241225,2
63400,20241226,2
63408,20250101,1
63408,20250224,1
63408,20250330,1
63408,20250501,1
63408,20240623,1
63408,20240624,1
63408,20240820,1
63408,20241224,1
63408,20241225,1
63408,20241226,1
63401,20250101,2
63401,20250224,2
63401,20250330,2
63401,20250501,2
63401,20240623,2
63401,20240624,2
63401,20240820,2
63401,20241224,2
63401,20241225,2
63401,20241226,2
63402,20250101,2
63402,20250224,2
63402,20250330,2
63402,20250501,2
63402,20240623,2
63402,20240624,2
63402,20240820,2
63402,20241224,2
63402,20241225,2
63402,20241226,2
63409,20250101,1
63409,20250224,1
63409,20250330,1
63409,20250501,1
63409,20240623,1
63409,20240624,1
63409,20240820,1
63409,20241224,1
63409,20241225,1
63409,20241226,1
63499,20250101,2
63499,20250224,2
63499,20250330,2
63499,20250501,2
63499,20240623,2
63499,20240624,2
63499,20240820,2
63499,20241224,2
63499,20241225,2
63499,20241226,2
63500,20250101,1
63500,20250224,1
63500,20250330,1
63500,20250501,1
63500,20240623,1
63500,20240624,1
63500,20240820,1
63500,20241224,1
63500,20241225,1
63500,20241226,1
63403,20250101,2
63403,20250224,2
63403,20250330,2
63403,20250501,2
63403,20240623,2
63403,20240624,2
63403,20240820,2
63403,20241224,2
63403,20241225,2
63403,20241226,2
63410,20250101,1
63410,20250224,1
63410,20250330,1
63410,20250501,1
63410,20240623,1
63410,20240624,1
63410,20240820,1
63410,20241224,1
63410,20241225,1
63410,20241226,1
63404,20250101,2
63404,20250224,2
63404,20250330,2
63404,20250501,2
63404,20240623,2
63404,20240624,2
63404,20240820,2
63404,20241224,2
63404,20241225,2
63404,20241226,2
63411,20250101,1
63411,20250224,1
63411,20250330,1
63411,20250501,1
63411,20240623,1
63411,20240624,1
63411,20240820,1
63411,20241224,1
63411,20241225,1
63411,20241226,1
63405,20250101,2
63405,20250224,2
63405,20250330,2
63405,20250501,2
63405,20240623,2
63405,20240624,2
63405,20240820,2
63405,20241224,2
63405,20241225,2
63405,20241226,2
63406,20250101,2
63406,20250224,2
63406,20250330,2
63406,20250501,2
63406,20240623,2
63406,20240624,2
63406,20240820,2
63406,20241224,2
63406,20241225,2
63406,20241226,2
63412,20250101,1
63412,20250224,1
63412,20250330,1
63412,20250501,1
63412,20240623,1
63412,20240624,1
63412,20240820,1
63412,20241224,1
63412,20241225,1
63412,20241226,1
62848,20250101,2
62848,20250224,2
62848,20250330,2
62848,20250501,2
62848,20240623,2
62848,20240624,2
62848,20240820,2
62848,20241224,2
62848,20241225,2
62848,20241226,2
62793,20250101,2
62793,20250224,2
62793,20250330,2
62793,20250501,2
62793,20240623,2
62793,20240624,2
62793,20240820,2
62793,20241224,2
62793,20241225,2
62793,20241226,2
62794,20250101,2
62794,20250224,2
62794,20250330,2
62794,20250501,2
62794,20240623,2
62794,20240624,2
62794,20240820,2
62794,20241224,2
62794,20241225,2
62794,20241226,2
62807,20250101,2
62807,20250224,2
62807,20250330,2
62807,20250501,2
62807,20240623,2
62807,20240624,2
62807,20240820,2
62807,20241224,2
62807,20241225,2
62807,20241226,2
62808,20250101,1
62808,20250224,1
62808,20250330,1
62808,20250501,1
62808,20240623,1
62808,20240624,1
62808,20240820,1
62808,20241224,1
62808,20241225,1
62808,20241226,1
62795,20250101,2
62795,20250224,2
62795,20250330,2
62795,20250501,2
62795,20240623,2
62795,20240624,2
62795,20240820,2
62795,20241224,2
62795,20241225,2
62795,20241226,2
62809,20250101,2
62809,20250224,2
62809,20250330,2
62809,20250501,2
62809,20240623,2
62809,20240624,2
62809,20240820,2
62809,20241224,2
62809,20241225,2
62809,20241226,2
62796,20250101,2
62796,20250224,2
62796,20250330,2
62796,20250501,2
62796,20240623,2
62796,20240624,2
62796,20240820,2
62796,20241224,2
62796,20241225,2
62796,20241226,2
63178,20250101,2
63178,20250224,2
63178,20250330,2
63178,20250501,2
63178,20240623,2
63178,20240624,2
63178,20240820,2
63178,20241224,2
63178,20241225,2
63178,20241226,2
63179,20250101,1
63179,20250224,1
63179,20250330,1
63179,20250501,1
63179,20240623,1
63179,20240624,1
63179,20240820,1
63179,20241224,1
63179,20241225,1
63179,20241226,1
64263,20250101,2
64263,20250224,2
64263,20250330,2
64263,20250501,2
64263,20240623,2
64263,20240624,2
64263,20240820,2
64263,20241224,2
64263,20241225,2
64263,20241226,2
62821,20250101,1
62821,20250224,1
62821,20250330,1
62821,20250501,1
62821,20240623,1
62821,20240624,1
62821,20240820,1
62821,20241224,1
62821,20241225,1
62821,20241226,1
64266,20250101,2
64266,20250224,2
64266,20250330,2
64266,20250501,2
64266,20240623,2
64266,20240624,2
64266,20240820,2
64266,20241224,2
64266,20241225,2
64266,20241226,2
62822,20250101,1
62822,20250224,1
62822,20250330,1
62822,20250501,1
62822,20240623,1
62822,20240624,1
62822,20240820,1
62822,20241224,1
62822,20241225,1
62822,20241226,1
64153,20250101,2
64153,20250224,2
64153,20250330,2
64153,20250501,2
64153,20240623,2
64153,20240624,2
64153,20240820,2
64153,20241224,2
64153,20241225,2
64153,20241226,2
64154,20250101,1
64154,20250224,1
64154,20250330,1
64154,20250501,1
64154,20240623,1
64154,20240624,1
64154,20240820,1
64154,20241224,1
64154,20241225,1
64154,20241226,1
64285,20250101,2
64285,20250224,2
64285,20250330,2
64285,20250501,2
64285,20240623,2
64285,20240624,2
64285,20240820,2
64285,20241224,2
64285,20241225,2
64285,20241226,2
64911,20250101,2
64911,20250224,2
64911,20250330,2
64911,20250501,2
64911,20240623,2
64911,20240624,2
64911,20240820,2
64911,20241224,2
64911,20241225,2
64911,20241226,2
64912,20250101,1
64912,20250224,1
64912,20250330,1
64912,20250501,1
64912,20240623,1
64912,20240624,1
64912,20240820,1
64912,20241224,1
64912,20241225,1
64912,20241226,1
64935,20250101,2
64935,20250224,2
64935,20250330,2
64935,20250501,2
64935,20240623,2
64935,20240624,2
64935,20240820,2
64935,20241224,2
64935,20241225,2
64935,20241226,2
64914,20250101,1
64914,20250224,1
64914,20250330,1
64914,20250501,1
64914,20240623,1
64914,20240624,1
64914,20240820,1
64914,20241224,1
64914,20241225,1
64914,20241226,1
64162,20250101,2
64162,20250224,2
64162,20250330,2
64162,20250501,2
64162,20240623,2
64162,20240624,2
64162,20240820,2
64162,20241224,2
64162,20241225,2
64162,20241226,2
64163,20250101,2
64163,20250224,2
64163,20250330,2
64163,20250501,2
64163,20240623,2
64163,20240624,2
64163,20240820,2
64163,20241224,2
64163,20241225,2
64163,20241226,2
64026,20250101,1
64026,20250224,1
64026,20250330,1
64026,20250501,1
64026,20240623,1
64026,20240624,1
64026,20240820,1
64026,20241224,1
64026,20241225,1
64026,20241226,1
62828,20250101,2
62828,20250224,2
62828,20250330,2
62828,20250501,2
62828,20240623,2
62828,20240624,2
62828,20240820,2
62828,20241224,2
62828,20241225,2
62828,20241226,2
62823,20250101,1
62823,20250224,1
62823,20250330,1
62823,20250501,1
62823,20240623,1
62823,20240624,1
62823,20240820,1
62823,20241224,1
62823,20241225,1
62823,20241226,1
62829,20250101,2
62829,20250224,2
62829,20250330,2
62829,20250501,2
62829,20240623,2
62829,20240624,2
62829,20240820,2
62829,20241224,2
62829,20241225,2
62829,20241226,2
62824,20250101,1
62824,20250224,1
62824,20250330,1
62824,20250501,1
62824,20240623,1
62824,20240624,1
62824,20240820,1
62824,20241224,1
62824,20241225,1
62824,20241226,1
63972,20250101,2
63972,20250224,2
63972,20250330,2
63972,20250501,2
63972,20240623,2
63972,20240624,2
63972,20240820,2
63972,20241224,2
63972,20241225,2
63972,20241226,2
63973,20250101,1
63973,20250224,1
63973,20250330,1
63973,20250501,1
63973,20240623,1
63973,20240624,1
63973,20240820,1
63973,20241224,1
63973,20241225,1
63973,20241226,1
63501,20250101,2
63501,20250224,2
63501,20250330,2
63501,20250501,2
63501,20240623,2
63501,20240624,2
63501,20240820,2
63501,20241224,2
63501,20241225,2
63501,20241226,2
63502,20250101,1
63502,20250224,1
63502,20250330,1
63502,20250501,1
63502,20240623,1
63502,20240624,1
63502,20240820,1
63502,20241224,1
63502,20241225,1
63502,20241226,1
64447,20250101,2
64447,20250224,2
64447,20250330,2
64447,20250501,2
64447,20240623,2
64447,20240624,2
64447,20240820,2
64447,20241224,2
64447,20241225,2
64447,20241226,2
64448,20250101,1
64448,20250224,1
64448,20250330,1
64448,20250501,1
64448,20240623,1
64448,20240624,1
64448,20240820,1
64448,20241224,1
64448,20241225,1
64448,20241226,1
63506,20250101,2
63506,20250224,2
63506,20250330,2
63506,20250501,2
63506,20240623,2
63506,20240624,2
63506,20240820,2
63506,20241224,2
63506,20241225,2
63506,20241226,2
63507,20250101,1
63507,20250224,1
63507,20250330,1
63507,20250501,1
63507,20240623,1
63507,20240624,1
63507,20240820,1
63507,20241224,1
63507,20241225,1
63507,20241226,1
62797,20250101,2
62797,20250224,2
62797,20250330,2
62797,20250501,2
62797,20240623,2
62797,20240624,2
62797,20240820,2
62797,20241224,2
62797,20241225,2
62797,20241226,2
62810,20250101,1
62810,20250224,1
62810,20250330,1
62810,20250501,1
62810,20240623,1
62810,20240624,1
62810,20240820,1
62810,20241224,1
62810,20241225,1
62810,20241226,1
62830,20250101,2
62830,20250224,2
62830,20250330,2
62830,20250501,2
62830,20240623,2
62830,20240624,2
62830,20240820,2
62830,20241224,2
62830,20241225,2
62830,20241226,2
62825,20250101,1
62825,20250224,1
62825,20250330,1
62825,20250501,1
62825,20240623,1
62825,20240624,1
62825,20240820,1
62825,20241224,1
62825,20241225,1
62825,20241226,1
62811,20250101,2
62811,20250224,2
62811,20250330,2
62811,20250501,2
62811,20240623,2
62811,20240624,2
62811,20240820,2
62811,20241224,2
62811,20241225,2
62811,20241226,2
62812,20250101,1
62812,20250224,1
62812,20250330,1
62812,20250501,1
62812,20240623,1
62812,20240624,1
62812,20240820,1
62812,20241224,1
62812,20241225,1
62812,20241226,1
63508,20250101,2
63508,20250224,2
63508,20250330,2
63508,20250501,2
63508,20240623,2
63508,20240624,2
63508,20240820,2
63508,20241224,2
63508,20241225,2
63508,20241226,2
63509,20250101,1
63509,20250224,1
63509,20250330,1
63509,20250501,1
63509,20240623,1
63509,20240624,1
63509,20240820,1
63509,20241224,1
63509,20241225,1
63509,20241226,1
64449,20250101,2
64449,20250224,2
64449,20250330,2
64449,20250501,2
64449,20240623,2
64449,20240624,2
64449,20240820,2
64449,20241224,2
64449,20241225,2
64449,20241226,2
62798,20250101,2
62798,20250224,2
62798,20250330,2
62798,20250501,2
62798,20240623,2
62798,20240624,2
62798,20240820,2
62798,20241224,2
62798,20241225,2
62798,20241226,2
62813,20250101,1
62813,20250224,1
62813,20250330,1
62813,20250501,1
62813,20240623,1
62813,20240624,1
62813,20240820,1
62813,20241224,1
62813,20241225,1
62813,20241226,1
62799,20250101,2
62799,20250224,2
62799,20250330,2
62799,20250501,2
62799,20240623,2
62799,20240624,2
62799,20240820,2
62799,20241224,2
62799,20241225,2
62799,20241226,2
62814,20250101,1
62814,20250224,1
62814,20250330,1
62814,20250501,1
62814,20240623,1
62814,20240624,1
62814,20240820,1
62814,20241224,1
62814,20241225,1
62814,20241226,1
62800,20250101,2
62800,20250224,2
62800,20250330,2
62800,20250501,2
62800,20240623,2
62800,20240624,2
62800,20240820,2
62800,20241224,2
62800,20241225,2
62800,20241226,2
62815,20250101,1
62815,20250224,1
62815,20250330,1
62815,20250501,1
62815,20240623,1
62815,20240624,1
62815,20240820,1
62815,20241224,1
62815,20241225,1
62815,20241226,1
62801,20250101,2
62801,20250224,2
62801,20250330,2
62801,20250501,2
62801,20240623,2
62801,20240624,2
62801,20240820,2
62801,20241224,2
62801,20241225,2
62801,20241226,2
62816,20250101,1
62816,20250224,1
62816,20250330,1
62816,20250501,1
62816,20240623,1
62816,20240624,1
62816,20240820,1
62816,20241224,1
62816,20241225,1
62816,20241226,1
62817,20250101,1
62817,20250224,1
62817,20250330,1
62817,20250501,1
62817,20240623,1
62817,20240624,1
62817,20240820,1
62817,20241224,1
62817,20241225,1
62817,20241226,1
62835,20250101,2
62835,20250224,2
62835,20250330,2
62835,20250501,2
62835,20240623,2
62835,20240624,2
62835,20240820,2
62835,20241224,2
62835,20241225,2
62835,20241226,2
62818,20250101,1
62818,20250224,1
62818,20250330,1
62818,20250501,1
62818,20240623,1
62818,20240624,1
62818,20240820,1
62818,20241224,1
62818,20241225,1
62818,20241226,1
62804,20250101,2
62804,20250224,2
62804,20250330,2
62804,20250501,2
62804,20240623,2
62804,20240624,2
62804,20240820,2
62804,20241224,2
62804,20241225,2
62804,20241226,2
63511,20250101,2
63511,20250224,2
63511,20250330,2
63511,20250501,2
63511,20240623,2
63511,20240624,2
63511,20240820,2
63511,20241224,2
63511,20241225,2
63511,20241226,2
63512,20250101,1
63512,20250224,1
63512,20250330,1
63512,20250501,1
63512,20240623,1
63512,20240624,1
63512,20240820,1
63512,20241224,1
63512,20241225,1
63512,20241226,1
64450,20250101,2
64450,20250224,2
64450,20250330,2
64450,20250501,2
64450,20240623,2
64450,20240624,2
64450,20240820,2
64450,20241224,2
64450,20241225,2
64450,20241226,2
63624,20250101,2
63624,20250224,2
63624,20250330,2
63624,20250501,2
63624,20240623,2
63624,20240624,2
63624,20240820,2
63624,20241224,2
63624,20241225,2
63624,20241226,2
63516,20250101,1
63516,20250224,1
63516,20250330,1
63516,20250501,1
63516,20240623,1
63516,20240624,1
63516,20240820,1
63516,20241224,1
63516,20241225,1
63516,20241226,1
63517,20250101,2
63517,20250224,2
63517,20250330,2
63517,20250501,2
63517,20240623,2
63517,20240624,2
63517,20240820,2
63517,20241224,2
63517,20241225,2
63517,20241226,2
63518,20250101,1
63518,20250224,1
63518,20250330,1
63518,20250501,1
63518,20240623,1
63518,20240624,1
63518,20240820,1
63518,20241224,1
63518,20241225,1
63518,20241226,1
63199,20250101,2
63199,20250224,2
63199,20250330,2
63199,20250501,2
63199,20240623,2
63199,20240624,2
63199,20240820,2
63199,20241224,2
63199,20241225,2
63199,20241226,2
63519,20250101,2
63519,20250224,2
63519,20250330,2
63519,20250501,2
63519,20240623,2
63519,20240624,2
63519,20240820,2
63519,20241224,2
63519,20241225,2
63519,20241226,2
63520,20250101,1
63520,20250224,1
63520,20250330,1
63520,20250501,1
63520,20240623,1
63520,20240624,1
63520,20240820,1
63520,20241224,1
63520,20241225,1
63520,20241226,1
63521,20250101,2
63521,20250224,2
63521,20250330,2
63521,20250501,2
63521,20240623,2
63521,20240624,2
63521,20240820,2
63521,20241224,2
63521,20241225,2
63521,20241226,2
63522,20250101,1
63522,20250224,1
63522,20250330,1
63522,20250501,1
63522,20240623,1
63522,20240624,1
63522,20240820,1
63522,20241224,1
63522,20241225,1
63522,20241226,1
63523,20250101,2
63523,20250224,2
63523,20250330,2
63523,20250501,2
63523,20240623,2
63523,20240624,2
63523,20240820,2
63523,20241224,2
63523,20241225,2
63523,20241226,2
63524,20250101,1
63524,20250224,1
63524,20250330,1
63524,20250501,1
63524,20240623,1
63524,20240624,1
63524,20240820,1
63524,20241224,1
63524,20241225,1
63524,20241226,1
63525,20250101,2
63525,20250224,2
63525,20250330,2
63525,20250501,2
63525,20240623,2
63525,20240624,2
63525,20240820,2
63525,20241224,2
63525,20241225,2
63525,20241226,2
63526,20250101,1
63526,20250224,1
63526,20250330,1
63526,20250501,1
63526,20240623,1
63526,20240624,1
63526,20240820,1
63526,20241224,1
63526,20241225,1
63526,20241226,1
62852,20250101,2
62852,20250224,2
62852,20250330,2
62852,20250501,2
62852,20240623,2
62852,20240624,2
62852,20240820,2
62852,20241224,2
62852,20241225,2
62852,20241226,2
62843,20250101,2
62843,20250224,2
62843,20250330,2
62843,20250501,2
62843,20240623,2
62843,20240624,2
62843,20240820,2
62843,20241224,2
62843,20241225,2
62843,20241226,2
63527,20250101,2
63527,20250224,2
63527,20250330,2
63527,20250501,2
63527,20240623,2
63527,20240624,2
63527,20240820,2
63527,20241224,2
63527,20241225,2
63527,20241226,2
63528,20250101,1
63528,20250224,1
63528,20250330,1
63528,20250501,1
63528,20240623,1
63528,20240624,1
63528,20240820,1
63528,20241224,1
63528,20241225,1
63528,20241226,1
63579,20250101,2
63579,20250224,2
63579,20250330,2
63579,20250501,2
63579,20240623,2
63579,20240624,2
63579,20240820,2
63579,20241224,2
63579,20241225,2
63579,20241226,2
63623,20250101,1
63623,20250224,1
63623,20250330,1
63623,20250501,1
63623,20240623,1
63623,20240624,1
63623,20240820,1
63623,20241224,1
63623,20241225,1
63623,20241226,1
63532,20250101,2
63532,20250224,2
63532,20250330,2
63532,20250501,2
63532,20240623,2
63532,20240624,2
63532,20240820,2
63532,20241224,2
63532,20241225,2
63532,20241226,2
63533,20250101,1
63533,20250224,1
63533,20250330,1
63533,20250501,1
63533,20240623,1
63533,20240624,1
63533,20240820,1
63533,20241224,1
63533,20241225,1
63533,20241226,1
63534,20250101,2
63534,20250224,2
63534,20250330,2
63534,20250501,2
63534,20240623,2
63534,20240624,2
63534,20240820,2
63534,20241224,2
63534,20241225,2
63534,20241226,2
67170,20250101,2
67170,20250224,2
67170,20250330,2
67170,20250501,2
67170,20240623,2
67170,20240624,2
67170,20240820,2
67170,20241224,2
67170,20241225,2
67170,20241226,2
67190,20250101,1
67190,20250224,1
67190,20250330,1
67190,20250501,1
67190,20240623,1
67190,20240624,1
67190,20240820,1
67190,20241224,1
67190,20241225,1
67190,20241226,1
62805,20250101,2
62805,20250224,2
62805,20250330,2
62805,20250501,2
62805,20240623,2
62805,20240624,2
62805,20240820,2
62805,20241224,2
62805,20241225,2
62805,20241226,2
62819,20250101,1
62819,20250224,1
62819,20250330,1
62819,20250501,1
62819,20240623,1
62819,20240624,1
62819,20240820,1
62819,20241224,1
62819,20241225,1
62819,20241226,1
62855,20250101,2
62855,20250224,2
62855,20250330,2
62855,20250501,2
62855,20240623,2
62855,20240624,2
62855,20240820,2
62855,20241224,2
62855,20241225,2
62855,20241226,2
62856,20250101,1
62856,20250224,1
62856,20250330,1
62856,20250501,1
62856,20240623,1
62856,20240624,1
62856,20240820,1
62856,20241224,1
62856,20241225,1
62856,20241226,1
62857,20250101,2
62857,20250224,2
62857,20250330,2
62857,20250501,2
62857,20240623,2
62857,20240624,2
62857,20240820,2
62857,20241224,2
62857,20241225,2
62857,20241226,2
63407,20250101,2
63407,20250224,2
63407,20250330,2
63407,20250501,2
63407,20240623,2
63407,20240624,2
63407,20240820,2
63407,20241224,2
63407,20241225,2
63407,20241226,2
63285,20250101,2
63285,20250224,2
63285,20250330,2
63285,20250501,2
63285,20240623,2
63285,20240624,2
63285,20240820,2
63285,20241224,2
63285,20241225,2
63285,20241226,2
63286,20250101,1
63286,20250224,1
63286,20250330,1
63286,20250501,1
63286,20240623,1
63286,20240624,1
63286,20240820,1
63286,20241224,1
63286,20241225,1
63286,20241226,1
63300,20250101,2
63300,20250224,2
63300,20250330,2
63300,20250501,2
63300,20240623,2
63300,20240624,2
63300,20240820,2
63300,20241224,2
63300,20241225,2
63300,20241226,2
63301,20250101,1
63301,20250224,1
63301,20250330,1
63301,20250501,1
63301,20240623,1
63301,20240624,1
63301,20240820,1
63301,20241224,1
63301,20241225,1
63301,20241226,1
59925,20250101,2
59925,20250224,2
59925,20250330,2
59925,20250501,2
59925,20240623,2
59925,20240624,2
59925,20240820,2
59925,20241224,2
59925,20241225,2
59925,20241226,2
59926,20250101,1
59926,20250224,1
59926,20250330,1
59926,20250501,1
59926,20240623,1
59926,20240624,1
59926,20240820,1
59926,20241224,1
59926,20241225,1
59926,20241226,1
63302,20250101,2
63302,20250224,2
63302,20250330,2
63302,20250501,2
63302,20240623,2
63302,20240624,2
63302,20240820,2
63302,20241224,2
63302,20241225,2
63302,20241226,2
63303,20250101,1
63303,20250224,1
63303,20250330,1
63303,20250501,1
63303,20240623,1
63303,20240624,1
63303,20240820,1
63303,20241224,1
63303,20241225,1
63303,20241226,1
63304,20250101,2
63304,20250224,2
63304,20250330,2
63304,20250501,2
63304,20240623,2
63304,20240624,2
63304,20240820,2
63304,20241224,2
63304,20241225,2
63304,20241226,2
63305,20250101,2
63305,20250224,2
63305,20250330,2
63305,20250501,2
63305,20240623,2
63305,20240624,2
63305,20240820,2
63305,20241224,2
63305,20241225,2
63305,20241226,2
63306,20250101,1
63306,20250224,1
63306,20250330,1
63306,20250501,1
63306,20240623,1
63306,20240624,1
63306,20240820,1
63306,20241224,1
63306,20241225,1
63306,20241226,1
63307,20250101,2
63307,20250224,2
63307,20250330,2
63307,20250501,2
63307,20240623,2
63307,20240624,2
63307,20240820,2
63307,20241224,2
63307,20241225,2
63307,20241226,2
63308,20250101,1
63308,20250224,1
63308,20250330,1
63308,20250501,1
63308,20240623,1
63308,20240624,1
63308,20240820,1
63308,20241224,1
63308,20241225,1
63308,20241226,1
63309,20250101,1
63309,20250224,1
63309,20250330,1
63309,20250501,1
63309,20240623,1
63309,20240624,1
63309,20240820,1
63309,20241224,1
63309,20241225,1
63309,20241226,1
63310,20250101,2
63310,20250224,2
63310,20250330,2
63310,20250501,2
63310,20240623,2
63310,20240624,2
63310,20240820,2
63310,20241224,2
63310,20241225,2
63310,20241226,2
63311,20250101,1
63311,20250224,1
63311,20250330,1
63311,20250501,1
63311,20240623,1
63311,20240624,1
63311,20240820,1
63311,20241224,1
63311,20241225,1
63311,20241226,1
63314,20250101,2
63314,20250224,2
63314,20250330,2
63314,20250501,2
63314,20240623,2
63314,20240624,2
63314,20240820,2
63314,20241224,2
63314,20241225,2
63314,20241226,2
63312,20250101,2
63312,20250224,2
63312,20250330,2
63312,20250501,2
63312,20240623,2
63312,20240624,2
63312,20240820,2
63312,20241224,2
63312,20241225,2
63312,20241226,2
63313,20250101,1
63313,20250224,1
63313,20250330,1
63313,20250501,1
63313,20240623,1
63313,20240624,1
63313,20240820,1
63313,20241224,1
63313,20241225,1
63313,20241226,1
63315,20250101,2
63315,20250224,2
63315,20250330,2
63315,20250501,2
63315,20240623,2
63315,20240624,2
63315,20240820,2
63315,20241224,2
63315,20241225,2
63315,20241226,2
63316,20250101,1
63316,20250224,1
63316,20250330,1
63316,20250501,1
63316,20240623,1
63316,20240624,1
63316,20240820,1
63316,20241224,1
63316,20241225,1
63316,20241226,1
63257,20250101,2
63257,20250224,2
63257,20250330,2
63257,20250501,2
63257,20240623,2
63257,20240624,2
63257,20240820,2
63257,20241224,2
63257,20241225,2
63257,20241226,2
63271,20250101,1
63271,20250224,1
63271,20250330,1
63271,20250501,1
63271,20240623,1
63271,20240624,1
63271,20240820,1
63271,20241224,1
63271,20241225,1
63271,20241226,1
63535,20250101,2
63535,20250224,2
63535,20250330,2
63535,20250501,2
63535,20240623,2
63535,20240624,2
63535,20240820,2
63535,20241224,2
63535,20241225,2
63535,20241226,2
63536,20250101,1
63536,20250224,1
63536,20250330,1
63536,20250501,1
63536,20240623,1
63536,20240624,1
63536,20240820,1
63536,20241224,1
63536,20241225,1
63536,20241226,1
64165,20250101,2
64165,20250224,2
64165,20250330,2
64165,20250501,2
64165,20240623,2
64165,20240624,2
64165,20240820,2
64165,20241224,2
64165,20241225,2
64165,20241226,2
64166,20250101,1
64166,20250224,1
64166,20250330,1
64166,20250501,1
64166,20240623,1
64166,20240624,1
64166,20240820,1
64166,20241224,1
64166,20241225,1
64166,20241226,1
64451,20250101,2
64451,20250224,2
64451,20250330,2
64451,20250501,2
64451,20240623,2
64451,20240624,2
64451,20240820,2
64451,20241224,2
64451,20241225,2
64451,20241226,2
64452,20250101,1
64452,20250224,1
64452,20250330,1
64452,20250501,1
64452,20240623,1
64452,20240624,1
64452,20240820,1
64452,20241224,1
64452,20241225,1
64452,20241226,1
64624,20250101,2
64624,20250224,2
64624,20250330,2
64624,20250501,2
64624,20240623,2
64624,20240624,2
64624,20240820,2
64624,20241224,2
64624,20241225,2
64624,20241226,2
64627,20250101,1
64627,20250224,1
64627,20250330,1
64627,20250501,1
64627,20240623,1
64627,20240624,1
64627,20240820,1
64627,20241224,1
64627,20241225,1
64627,20241226,1
64625,20250101,2
64625,20250224,2
64625,20250330,2
64625,20250501,2
64625,20240623,2
64625,20240624,2
64625,20240820,2
64625,20241224,2
64625,20241225,2
64625,20241226,2
64628,20250101,1
64628,20250224,1
64628,20250330,1
64628,20250501,1
64628,20240623,1
64628,20240624,1
64628,20240820,1
64628,20241224,1
64628,20241225,1
64628,20241226,1
65684,20250101,2
65684,20250224,2
65684,20250330,2
65684,20250501,2
65684,20240623,2
65684,20240624,2
65684,20240820,2
65684,20241224,2
65684,20241225,2
65684,20241226,2
64629,20250101,1
64629,20250224,1
64629,20250330,1
64629,20250501,1
64629,20240623,1
64629,20240624,1
64629,20240820,1
64629,20241224,1
64629,20241225,1
64629,20241226,1
65540,20250101,2
65540,20250224,2
65540,20250330,2
65540,20250501,2
65540,20240623,2
65540,20240624,2
65540,20240820,2
65540,20241224,2
65540,20241225,2
65540,20241226,2
63269,20250101,1
63269,20250224,1
63269,20250330,1
63269,20250501,1
63269,20240623,1
63269,20240624,1
63269,20240820,1
63269,20241224,1
63269,20241225,1
63269,20241226,1
64915,20250101,2
64915,20250224,2
64915,20250330,2
64915,20250501,2
64915,20240623,2
64915,20240624,2
64915,20240820,2
64915,20241224,2
64915,20241225,2
64915,20241226,2
64916,20250101,1
64916,20250224,1
64916,20250330,1
64916,20250501,1
64916,20240623,1
64916,20240624,1
64916,20240820,1
64916,20241224,1
64916,20241225,1
64916,20241226,1
64167,20250101,2
64167,20250224,2
64167,20250330,2
64167,20250501,2
64167,20240623,2
64167,20240624,2
64167,20240820,2
64167,20241224,2
64167,20241225,2
64167,20241226,2
64024,20250101,1
64024,20250224,1
64024,20250330,1
64024,20250501,1
64024,20240623,1
64024,20240624,1
64024,20240820,1
64024,20241224,1
64024,20241225,1
64024,20241226,1
63477,20250101,2
63477,20250224,2
63477,20250330,2
63477,20250501,2
63477,20240623,2
63477,20240624,2
63477,20240820,2
63477,20241224,2
63477,20241225,2
63477,20241226,2
63478,20250101,1
63478,20250224,1
63478,20250330,1
63478,20250501,1
63478,20240623,1
63478,20240624,1
63478,20240820,1
63478,20241224,1
63478,20241225,1
63478,20241226,1
65151,20250101,2
65151,20250224,2
65151,20250330,2
65151,20250501,2
65151,20240623,2
65151,20240624,2
65151,20240820,2
65151,20241224,2
65151,20241225,2
65151,20241226,2
64013,20250101,2
64013,20250224,2
64013,20250330,2
64013,20250501,2
64013,20240623,2
64013,20240624,2
64013,20240820,2
64013,20241224,2
64013,20241225,2
64013,20241226,2
64014,20250101,1
64014,20250224,1
64014,20250330,1
64014,20250501,1
64014,20240623,1
64014,20240624,1
64014,20240820,1
64014,20241224,1
64014,20241225,1
64014,20241226,1
64257,20250101,2
64257,20250224,2
64257,20250330,2
64257,20250501,2
64257,20240623,2
64257,20240624,2
64257,20240820,2
64257,20241224,2
64257,20241225,2
64257,20241226,2
64259,20250101,1
64259,20250224,1
64259,20250330,1
64259,20250501,1
64259,20240623,1
64259,20240624,1
64259,20240820,1
64259,20241224,1
64259,20241225,1
64259,20241226,1
64258,20250101,2
64258,20250224,2
64258,20250330,2
64258,20250501,2
64258,20240623,2
64258,20240624,2
64258,20240820,2
64258,20241224,2
64258,20241225,2
64258,20241226,2
64260,20250101,1
64260,20250224,1
64260,20250330,1
64260,20250501,1
64260,20240623,1
64260,20240624,1
64260,20240820,1
64260,20241224,1
64260,20241225,1
64260,20241226,1
60319,20250101,1
60319,20250224,1
60319,20250330,1
60319,20250501,1
60319,20240623,1
60319,20240624,1
60319,20240820,1
60319,20241224,1
60319,20241225,1
60319,20241226,1
67292,20240623,2
67292,20240624,2
67292,20240820,2
67086,20250101,2
67086,20250224,2
67086,20250330,2
67086,20250501,2
67086,20240623,2
67086,20240624,2
67086,20240820,2
67086,20241224,2
67086,20241225,2
67086,20241226,2
67128,20250101,2
67128,20250224,2
67128,20250330,2
67128,20250501,2
67128,20240623,2
67128,20240624,2
67128,20240820,2
67128,20241224,2
67128,20241225,2
67128,20241226,2
67085,20250101,1
67085,20250224,1
67085,20250330,1
67085,20250501,1
67085,20240623,1
67085,20240624,1
67085,20240820,1
67085,20241224,1
67085,20241225,1
67085,20241226,1
67123,20250101,2
67123,20250224,2
67123,20250330,2
67123,20250501,2
67123,20240623,2
67123,20240624,2
67123,20240820,2
67123,20241224,2
67123,20241225,2
67123,20241226,2
67094,20250101,2
67094,20250224,2
67094,20250330,2
67094,20250501,2
67094,20240623,2
67094,20240624,2
67094,20240820,2
67094,20241224,2
67094,20241225,2
67094,20241226,2
67088,20250101,1
67088,20250224,1
67088,20250330,1
67088,20250501,1
67088,20240623,1
67088,20240624,1
67088,20240820,1
67088,20241224,1
67088,20241225,1
67088,20241226,1
67098,20250101,2
67098,20250224,2
67098,20250330,2
67098,20250501,2
67098,20240623,2
67098,20240624,2
67098,20240820,2
67098,20241224,2
67098,20241225,2
67098,20241226,2
67108,20250101,2
67108,20250224,2
67108,20250330,2
67108,20250501,2
67108,20240623,2
67108,20240624,2
67108,20240820,2
67108,20241224,2
67108,20241225,2
67108,20241226,2
67087,20250101,1
67087,20250224,1
67087,20250330,1
67087,20250501,1
67087,20240623,1
67087,20240624,1
67087,20240820,1
67087,20241224,1
67087,20241225,1
67087,20241226,1
65728,20250101,2
65728,20250224,2
65728,20250330,2
65728,20250501,2
65728,20240623,2
65728,20240624,2
65728,20240820,2
65728,20241224,2
65728,20241225,2
65728,20241226,2
65729,20250101,2
65729,20250224,2
65729,20250330,2
65729,20250501,2
65729,20240623,2
65729,20240624,2
65729,20240820,2
65729,20241224,2
65729,20241225,2
65729,20241226,2
65730,20250101,1
65730,20250224,1
65730,20250330,1
65730,20250501,1
65730,20240623,1
65730,20240624,1
65730,20240820,1
65730,20241224,1
65730,20241225,1
65730,20241226,1
65731,20250101,2
65731,20250224,2
65731,20250330,2
65731,20250501,2
65731,20240623,2
65731,20240624,2
65731,20240820,2
65731,20241224,2
65731,20241225,2
65731,20241226,2
65732,20250101,2
65732,20250224,2
65732,20250330,2
65732,20250501,2
65732,20240623,2
65732,20240624,2
65732,20240820,2
65732,20241224,2
65732,20241225,2
65732,20241226,2
65733,20250101,1
65733,20250224,1
65733,20250330,1
65733,20250501,1
65733,20240623,1
65733,20240624,1
65733,20240820,1
65733,20241224,1
65733,20241225,1
65733,20241226,1
65734,20250101,2
65734,20250224,2
65734,20250330,2
65734,20250501,2
65734,20240623,2
65734,20240624,2
65734,20240820,2
65734,20241224,2
65734,20241225,2
65734,20241226,2
65735,20250101,2
65735,20250224,2
65735,20250330,2
65735,20250501,2
65735,20240623,2
65735,20240624,2
65735,20240820,2
65735,20241224,2
65735,20241225,2
65735,20241226,2
65736,20250101,1
65736,20250224,1
65736,20250330,1
65736,20250501,1
65736,20240623,1
65736,20240624,1
65736,20240820,1
65736,20241224,1
65736,20241225,1
65736,20241226,1
65737,20250101,2
65737,20250224,2
65737,20250330,2
65737,20250501,2
65737,20240623,2
65737,20240624,2
65737,20240820,2
65737,20241224,2
65737,20241225,2
65737,20241226,2
65738,20250101,2
65738,20250224,2
65738,20250330,2
65738,20250501,2
65738,20240623,2
65738,20240624,2
65738,20240820,2
65738,20241224,2
65738,20241225,2
65738,20241226,2
65739,20250101,1
65739,20250224,1
65739,20250330,1
65739,20250501,1
65739,20240623,1
65739,20240624,1
65739,20240820,1
65739,20241224,1
65739,20241225,1
65739,20241226,1
