service_id,monday,tuesday,wednesday,thursday,friday,saturday,sunday,start_date,end_date
64553,1,1,1,1,1,0,0,20231021,20250501
60108,0,0,0,0,0,1,0,20231021,20250501
64561,0,0,0,0,0,0,1,20231021,20250501
66459,1,1,1,1,1,0,0,20240304,20250501
66490,0,0,0,0,0,1,0,20240304,20250501
66493,0,0,0,0,0,0,1,20240304,20250501
67107,1,1,1,1,1,0,0,20240304,20250501
66453,0,0,0,0,0,1,0,20240304,20250501
66451,0,0,0,0,0,0,1,20240304,20250501
64889,1,1,1,1,1,0,0,20231201,20250501
62086,0,0,0,0,0,1,0,20230703,20250501
62291,0,0,0,0,0,0,1,20230703,20250501
64925,1,1,1,1,1,0,0,20231201,20250501
64926,0,0,0,0,0,1,0,20231201,20250501
64927,0,0,0,0,0,0,1,20231201,20250501
65933,1,1,1,1,1,0,0,20240201,20250501
63068,0,0,0,0,0,1,0,20230801,20250501
63067,0,0,0,0,0,0,1,20230801,20250501
66651,1,1,1,1,1,0,0,20240318,20250501
66766,0,0,0,0,0,1,0,20240318,20250501
66396,1,1,1,1,1,0,0,20240304,20250501
66495,0,0,0,0,0,1,0,20240304,20250501
66508,0,0,0,0,0,0,1,20240304,20250501
60811,1,1,1,1,1,0,0,20230901,20250501
64444,1,1,1,1,1,0,0,20231201,20250501
64446,1,1,1,1,1,0,0,20231201,20250501
64445,1,1,1,1,1,0,0,20231201,20250501
48764,0,0,0,0,0,1,0,20230901,20250501
48765,0,0,0,0,0,0,1,20230901,20250501
60343,1,1,1,1,1,0,0,20230901,20250501
63225,1,1,1,1,1,0,0,20230901,20250501
60523,0,0,0,0,0,1,0,20230601,20250501
59696,0,0,0,0,0,0,1,20230601,20250501
67284,1,1,1,1,1,0,0,20231001,20250501
67282,0,0,0,0,0,1,0,20230601,20250501
67278,0,0,0,0,0,0,1,20230601,20250501
66497,1,1,1,1,1,0,0,20240304,20250501
66691,1,1,1,1,1,0,0,20240318,20250501
66694,0,0,0,0,0,1,0,20240318,20250501
66695,0,0,0,0,0,0,1,20240318,20250501
66367,1,1,1,1,1,0,0,20240304,20250501
66393,0,0,0,0,0,1,0,20240304,20250501
66395,0,0,0,0,0,0,1,20240304,20250501
60783,1,1,1,1,1,0,0,20230404,20250501
60784,1,1,1,1,1,0,0,20230404,20250501
60363,0,0,0,0,0,1,0,20230404,20250501
60364,0,0,0,0,0,1,0,20230404,20250501
60378,0,0,0,0,0,0,1,20230404,20250501
60379,0,0,0,0,0,0,1,20230404,20250501
66394,1,1,1,1,1,0,0,20240304,20250501
66400,0,0,0,0,0,1,0,20240304,20250501
66408,0,0,0,0,0,0,1,20240304,20250501
66409,1,1,1,1,1,0,0,20240304,20250501
66431,0,0,0,0,0,1,0,20240304,20250501
66443,0,0,0,0,0,0,1,20240304,20250501
66464,1,1,1,1,1,0,0,20240304,20250501
66473,0,0,0,0,0,1,0,20240304,20250501
66477,0,0,0,0,0,0,1,20240304,20250501
65017,1,1,1,1,1,0,0,20231201,20250501
50737,0,0,0,0,0,1,0,20210901,20250501
51357,0,0,0,0,0,0,1,20210901,20250501
48954,1,1,1,1,1,0,0,20230901,20250501
64181,1,1,1,1,1,0,0,20231201,20250501
64272,0,0,0,0,0,1,0,20231201,20250501
64270,0,0,0,0,0,0,1,20231201,20250501
53699,1,1,1,1,1,0,0,20230901,20250501
62877,0,0,0,0,0,1,0,20230901,20250501
62876,0,0,0,0,0,0,1,20230901,20250501
59962,1,1,1,1,1,0,0,20230901,20250501
38440,0,0,0,0,0,1,0,20191001,20250501
38441,0,0,0,0,0,0,1,20191001,20250501
64995,1,1,1,1,1,0,0,20231201,20250501
60384,1,1,1,1,1,0,0,20231021,20250501
60389,0,0,0,0,0,1,0,20231021,20250501
64549,0,0,0,0,0,0,1,20231021,20250501
47169,1,1,1,1,1,0,0,20220801,20250501
66003,1,1,1,1,1,0,0,20240201,20250501
61825,0,0,0,0,0,1,0,20240201,20250501
66012,0,0,0,0,0,0,1,20240201,20250501
64928,1,1,1,1,1,0,0,20231201,20250501
66253,1,1,1,1,1,0,0,20240304,20250501
66242,0,0,0,0,0,1,0,20240304,20250501
66379,0,0,0,0,0,0,1,20240304,20250501
66392,1,1,1,1,1,0,0,20240304,20250501
66444,0,0,0,0,0,1,0,20240304,20250501
66551,0,0,0,0,0,0,1,20240304,20250501
66226,1,1,1,1,1,0,0,20240115,20250501
65943,0,0,0,0,0,1,0,20240115,20250501
65942,0,0,0,0,0,0,1,20240115,20250501
66837,1,1,1,1,1,0,0,20240401,20250501
64699,0,0,0,0,0,1,0,20231201,20250501
64997,0,0,0,0,0,0,1,20231201,20250501
64994,0,0,0,0,0,1,0,20231201,20250501
64973,0,0,0,0,0,0,1,20231201,20250501
61658,1,1,1,1,1,0,0,20230601,20250501
66447,1,1,1,1,1,0,0,20240304,20250501
66452,0,0,0,0,0,1,0,20240304,20250501
66556,0,0,0,0,0,0,1,20240304,20250501
65982,1,1,1,1,1,0,0,20240201,20250501
65969,0,0,0,0,0,1,0,20240201,20250501
65974,0,0,0,0,0,0,1,20240201,20250501
64971,1,1,1,1,1,0,0,20231201,20250501
65003,0,0,0,0,0,1,0,20231201,20250501
65005,0,0,0,0,0,0,1,20231201,20250501
66479,1,1,1,1,1,0,0,20240304,20250501
66484,0,0,0,0,0,1,0,20240304,20250501
66487,0,0,0,0,0,0,1,20240304,20250501
67018,1,1,1,1,1,0,0,20230901,20250501
62343,0,0,0,0,0,1,0,20230801,20250501
62604,0,0,0,0,0,0,1,20230801,20250501
65030,1,1,1,1,1,0,0,20231201,20250501
65042,0,0,0,0,0,1,0,20231201,20250501
65043,0,0,0,0,0,0,1,20231201,20250501
66685,1,1,1,1,1,0,0,20240318,20250501
66848,1,1,1,1,1,0,0,20240401,20250501
35512,1,1,1,1,1,0,0,20190301,20250501
66696,1,1,1,1,1,0,0,20240318,20250501
66761,0,0,0,0,0,1,0,20240318,20250501
66698,0,0,0,0,0,0,1,20240318,20250501
60738,1,1,1,1,1,0,0,20230417,20250501
35337,0,0,0,0,0,1,0,20210705,20250501
35338,0,0,0,0,0,0,1,20210705,20250501
65071,1,1,1,1,1,0,0,20231201,20250501
65059,0,0,0,0,0,1,0,20231201,20250501
65063,0,0,0,0,0,0,1,20231201,20250501
66653,1,1,1,1,1,0,0,20240304,20250501
66654,0,0,0,0,0,1,0,20240304,20250501
66655,0,0,0,0,0,0,1,20240304,20250501
61229,1,1,1,1,1,0,0,20240304,20250501
64998,1,1,1,1,1,0,0,20231201,20250501
64999,0,0,0,0,0,1,0,20231201,20250501
65000,0,0,0,0,0,0,1,20231201,20250501
63232,1,1,1,1,1,0,0,20230901,20250501
38352,0,0,0,0,0,1,0,20230901,20250501
38466,0,0,0,0,0,0,1,20230901,20250501
59548,1,1,1,1,1,0,0,20230109,20250501
59559,0,0,0,0,0,1,0,20230109,20250501
59562,0,0,0,0,0,0,1,20230109,20250501
60870,1,1,1,1,1,0,0,20231021,20250501
60255,0,0,0,0,0,1,0,20231021,20250501
60685,0,0,0,0,0,0,1,20231021,20250501
56644,0,0,0,0,0,1,0,20220901,20250501
57306,0,0,0,0,0,0,1,20220901,20250501
51232,1,1,1,1,1,0,0,20210901,20250501
51235,0,0,0,0,0,1,0,20210901,20250501
51237,0,0,0,0,0,0,1,20210901,20250501
60675,1,1,1,1,1,0,0,20231021,20250501
60679,0,0,0,0,0,1,0,20231021,20250501
60684,0,0,0,0,0,0,1,20231021,20250501
66719,1,1,1,1,1,0,0,20240318,20250501
66699,1,1,1,1,1,0,0,20240318,20250501
66700,0,0,0,0,0,1,0,20240318,20250501
66701,0,0,0,0,0,0,1,20240318,20250501
66146,1,1,1,1,1,0,0,20240304,20250501
66397,0,0,0,0,0,1,0,20240304,20250501
66398,0,0,0,0,0,0,1,20240304,20250501
66384,1,1,1,1,1,0,0,20240304,20250501
66546,0,0,0,0,0,1,0,20240304,20250501
66550,0,0,0,0,0,0,1,20240304,20250501
64126,0,0,0,0,0,1,0,20231101,20250501
64613,0,0,0,0,0,0,1,20231101,20250501
63003,1,1,1,1,1,0,0,20230901,20250501
67105,1,1,1,1,1,0,0,20240304,20250501
66511,0,0,0,0,0,1,0,20240304,20250501
66518,0,0,0,0,0,0,1,20240304,20250501
66506,0,0,0,0,0,1,0,20240304,20250501
66510,0,0,0,0,0,0,1,20240304,20250501
66520,0,0,0,0,0,1,0,20240304,20250501
66519,0,0,0,0,0,0,1,20240304,20250501
66524,0,0,0,0,0,1,0,20240304,20250501
66523,0,0,0,0,0,0,1,20240304,20250501
65614,0,0,0,0,0,1,0,20240101,20250501
65615,0,0,0,0,0,0,1,20240101,20250501
65626,0,0,0,0,0,1,0,20240101,20250501
65625,0,0,0,0,0,0,1,20240101,20250501
66527,0,0,0,0,0,1,0,20240304,20250501
66526,0,0,0,0,0,0,1,20240304,20250501
66227,1,1,1,1,1,0,0,20240304,20250501
62105,1,1,1,1,1,0,0,20230902,20250501
62106,1,1,1,1,1,0,0,20230902,20250501
62107,1,1,1,1,0,0,0,20230901,20250501
62108,0,0,0,0,1,0,0,20230902,20250501
54456,0,1,0,0,0,0,0,20220902,20250501
60335,0,1,0,0,0,0,0,20230214,20250501
60336,0,0,0,0,1,0,0,20230214,20250501
66150,1,1,1,1,1,0,0,20240304,20250501
67157,1,1,1,1,1,0,0,20240429,20250501
67156,1,1,1,1,1,0,0,20240429,20250501
67155,1,1,1,1,1,0,0,20240429,20250501
66153,1,1,1,1,1,0,0,20240304,20250501
64820,1,1,1,1,1,0,0,20231113,20250501
62423,1,1,1,1,1,0,0,20230904,20250501
66155,1,1,1,1,1,0,0,20240304,20250501
66157,1,1,1,1,1,0,0,20240304,20250501
66159,1,1,1,1,1,0,0,20240304,20250501
66161,1,1,1,1,1,0,0,20240304,20250501
64105,1,1,1,1,1,0,0,20240108,20250501
64410,1,1,1,1,1,0,0,20240108,20250501
62192,0,0,0,0,1,0,0,20240108,20250501
62182,0,0,0,0,1,0,0,20240108,20250501
62180,1,1,1,1,1,0,0,20240108,20250501
63251,1,1,1,1,1,0,0,20240108,20250501
63599,1,1,1,1,1,0,0,20240108,20250501
62191,1,1,1,1,1,0,0,20240108,20250501
64106,1,1,1,1,1,0,0,20240108,20250501
66250,1,1,1,1,1,0,0,20240108,20250501
64107,1,1,1,1,1,0,0,20240108,20250501
62186,1,1,1,1,1,0,0,20240108,20250501
64027,1,1,1,1,0,0,0,20240108,20250501
66358,1,1,1,1,1,0,0,20240224,20250501
63674,1,1,1,1,1,0,0,20230901,20250501
63655,1,1,1,1,1,0,0,20230901,20250501
64790,1,1,1,1,1,0,0,20231030,20250501
63216,0,0,0,0,0,1,0,20230901,20250501
64791,1,1,1,1,1,0,0,20231030,20250501
63218,0,0,0,0,0,1,0,20230901,20250501
64792,1,1,1,1,1,0,0,20231030,20250501
63220,0,0,0,0,0,1,0,20230901,20250501
64793,1,1,1,1,1,0,0,20231030,20250501
63222,0,0,0,0,0,1,0,20230901,20250501
63653,1,1,1,1,1,0,0,20230901,20250501
63796,0,0,0,1,0,0,0,20230911,20240530
63648,1,1,1,1,1,0,0,20230901,20250501
63539,1,1,1,1,1,0,0,20230901,20250501
63540,0,0,0,0,0,1,1,20230901,20250501
63649,1,1,1,1,1,0,0,20230901,20250501
63650,1,1,1,1,1,0,0,20230901,20250501
63541,1,1,1,1,1,0,0,20230901,20250501
63542,0,0,0,0,0,1,0,20230901,20250501
63543,0,0,0,0,0,0,1,20230901,20250501
63652,1,1,1,1,1,0,0,20230901,20250501
63654,0,0,0,0,1,0,0,20230901,20250501
63651,1,1,1,1,1,0,0,20230901,20250501
65948,1,1,1,1,1,0,0,20240304,20250501
64678,1,1,1,0,0,0,0,20231101,20250501
65952,0,0,0,1,1,0,0,20240304,20250501
63976,1,1,1,1,1,0,0,20231001,20250501
63450,1,1,1,1,1,0,0,20230901,20250501
66742,1,1,1,1,1,0,0,20240311,20250501
66235,1,1,1,1,1,0,0,20240304,20250501
66233,1,1,1,1,1,0,0,20240304,20250501
63615,1,1,1,1,1,0,0,20230901,20250501
58433,1,1,1,1,1,0,0,20221031,20250501
66257,1,1,1,1,1,0,0,20240213,20250501
66338,1,1,1,1,1,0,0,20240304,20250501
66339,1,1,1,1,1,0,0,20240304,20250501
65840,1,1,1,1,1,0,0,20240108,20250501
65841,1,1,1,1,1,0,0,20240108,20250501
65842,1,1,1,1,1,0,0,20240108,20250501
65843,1,1,1,1,1,0,0,20240108,20250501
66214,1,1,1,1,1,0,0,20240205,20250501
65845,1,1,1,1,1,0,0,20240108,20250501
65831,1,1,1,1,1,0,0,20240108,20250501
65832,1,1,1,1,1,0,0,20240108,20250501
65833,1,1,1,1,1,0,0,20240108,20250501
65834,1,1,1,1,1,0,0,20240108,20250501
65835,1,1,1,1,1,0,0,20240108,20250501
65957,1,1,1,1,1,0,0,20240115,20250501
65837,1,1,1,1,1,0,0,20240108,20250501
65838,1,1,1,1,1,0,0,20240108,20250501
67110,1,1,1,1,1,0,0,20240504,20250501
63448,1,1,1,1,1,0,0,20230902,20250501
66944,1,1,1,1,1,0,0,20240504,20250501
65683,1,1,1,1,1,0,0,20240108,20250501
63440,1,1,1,1,1,0,0,20230902,20250501
65682,1,1,1,1,1,0,0,20240108,20250501
63442,1,1,1,1,1,0,0,20230902,20250501
63443,1,1,1,1,1,0,0,20230902,20250501
67111,1,1,1,1,1,0,0,20240504,20250501
67112,1,1,1,1,1,0,0,20240504,20250501
64173,1,1,1,1,1,0,0,20240108,20250501
63447,1,1,1,1,1,0,0,20230902,20250501
63348,1,1,1,1,1,0,0,20230902,20250501
65998,1,1,1,1,1,0,0,20240124,20250501
65999,1,1,1,1,1,0,0,20240124,20250501
63639,1,1,1,1,1,0,0,20230902,20250501
64412,1,1,1,1,0,0,0,20231009,20250501
64414,0,0,0,0,1,0,0,20231009,20250501
66912,1,1,1,1,0,0,0,20240429,20250501
66913,0,0,0,0,1,0,0,20240429,20250501
63343,1,0,1,0,0,0,0,20230902,20250501
63340,0,1,0,1,1,0,0,20230902,20250501
63899,0,0,0,0,1,0,0,20230901,20250501
64269,1,1,1,1,1,0,0,20230925,20250501
66460,1,1,1,1,1,0,0,20240304,20250501
66710,1,1,1,1,1,0,0,20240401,20250501
66462,1,1,1,1,1,0,0,20240304,20250501
66463,1,1,1,1,1,0,0,20240304,20250501
66711,1,1,1,1,1,0,0,20240401,20250501
66467,1,1,1,1,1,0,0,20240304,20250501
66468,1,1,1,1,1,0,0,20240304,20250501
66686,1,1,1,1,1,0,0,20240401,20250501
62632,1,1,1,1,1,0,0,20230901,20250501
62644,0,0,0,0,0,1,0,20230901,20250501
62653,0,0,0,0,0,0,1,20230901,20250501
66432,0,0,0,0,0,0,1,20240401,20250501
64378,1,1,1,1,1,0,0,20231101,20250501
62649,0,0,0,0,0,1,0,20230901,20250501
66322,1,1,1,1,1,0,0,20240507,20240508
62645,0,0,0,0,0,1,0,20240429,20250501
62650,0,0,0,0,0,0,1,20240429,20250501
66323,1,1,1,1,1,0,0,20240507,20240508
66324,1,1,1,1,1,0,0,20240507,20240508
64283,1,1,1,1,1,0,0,20231101,20250501
62646,0,0,0,0,0,1,0,20230901,20250501
62990,0,0,0,0,0,0,1,20230901,20250501
66449,1,1,1,1,1,0,0,20240401,20250501
66326,1,1,1,1,1,0,0,20240507,20240508
62647,0,0,0,0,0,1,0,20240429,20250501
62655,0,0,0,0,0,0,1,20240429,20250501
66327,1,1,1,1,1,0,0,20240507,20240508
66328,1,1,1,1,1,0,0,20240507,20240508
66329,1,1,1,1,1,0,0,20240507,20240508
62652,0,0,0,0,0,0,1,20240429,20250501
62648,0,0,0,0,0,1,0,20240429,20250501
63327,1,1,1,1,1,0,0,20230902,20250501
63328,1,1,1,1,1,0,0,20230902,20250501
63329,1,1,1,1,1,0,0,20230902,20250501
63330,1,1,1,1,1,0,0,20230902,20250501
64622,1,1,1,1,1,0,0,20231021,20250501
64623,0,0,0,0,0,1,1,20231021,20250501
64619,1,1,1,1,1,0,0,20231021,20250501
64620,0,0,0,0,0,1,1,20231021,20250501
64930,1,1,1,1,1,0,0,20231120,20250501
64931,0,0,0,0,0,1,1,20231120,20250501
64144,1,1,1,1,1,0,0,20231001,20250501
63270,0,0,0,0,0,1,1,20230901,20250501
63400,1,1,1,1,1,0,0,20230901,20250501
63408,0,0,0,0,0,1,1,20230901,20250501
63401,1,1,1,1,1,0,0,20230901,20250501
63402,1,1,1,1,1,0,0,20230901,20250501
63409,0,0,0,0,0,1,1,20230901,20250501
63499,1,1,1,1,1,0,0,20230901,20250501
63500,0,0,0,0,0,1,1,20230901,20250501
63403,1,1,1,1,1,0,0,20230901,20250501
63410,0,0,0,0,0,1,1,20230901,20250501
63404,1,1,1,1,1,0,0,20230901,20250501
63411,0,0,0,0,0,1,1,20230901,20250501
63405,1,1,1,1,1,0,0,20230901,20250501
63406,1,1,1,1,1,0,0,20230901,20250501
63412,0,0,0,0,0,1,1,20230901,20250501
62848,1,1,1,1,1,0,0,20230901,20250501
62793,1,1,1,1,0,0,0,20230901,20250501
62794,0,0,0,0,1,0,0,20230901,20250501
62807,0,0,0,0,0,1,0,20230901,20250501
62808,0,0,0,0,0,0,1,20230901,20250501
62795,0,0,0,0,1,0,0,20230901,20250501
62809,0,0,0,0,0,1,0,20230901,20250501
62796,1,1,1,1,1,0,0,20230901,20250501
63178,1,1,1,1,1,0,0,20230901,20250501
63179,0,0,0,0,0,1,1,20230901,20250501
64263,1,1,1,1,1,0,0,20231001,20250501
62821,0,0,0,0,0,1,1,20230901,20250501
64266,1,1,1,1,1,0,0,20231001,20250501
62822,0,0,0,0,0,1,1,20230901,20250501
64153,1,1,1,1,1,0,0,20240108,20250501
64154,0,0,0,0,0,1,1,20240108,20250501
64285,1,1,1,1,1,0,0,20231030,20250501
64911,1,1,1,1,1,0,0,20231120,20250501
64912,0,0,0,0,0,1,1,20231120,20250501
64935,1,1,1,1,1,0,0,20231120,20250501
64914,0,0,0,0,0,1,1,20231120,20250501
64156,1,1,1,1,1,0,0,20240108,20240616
64157,0,0,0,0,0,1,1,20240108,20240616
65575,1,1,1,1,1,0,0,20240108,20240616
64019,0,0,0,0,0,1,1,20230908,20240616
64160,1,1,1,1,1,0,0,20240108,20240616
64161,0,0,0,0,0,1,1,20240108,20240616
64162,1,1,1,1,1,0,0,20231106,20250501
64163,1,1,1,1,1,0,0,20231106,20250501
64026,0,0,0,0,0,1,1,20230908,20250501
62828,1,1,1,1,1,0,0,20230901,20250501
62823,0,0,0,0,0,1,1,20230901,20250501
62829,1,1,1,1,1,0,0,20230901,20250501
62824,0,0,0,0,0,1,1,20230901,20250501
63972,1,1,1,1,1,0,0,20230906,20250501
63973,0,0,0,0,0,1,1,20230906,20250501
63501,1,1,1,1,1,0,0,20230901,20250501
63502,0,0,0,0,0,1,1,20230901,20250501
64447,1,1,1,1,1,0,0,20240213,20250501
64448,0,0,0,0,0,1,1,20240213,20250501
63506,1,1,1,1,1,0,0,20230901,20250501
63507,0,0,0,0,0,1,1,20230901,20250501
62797,1,1,1,1,1,0,0,20230901,20250501
62810,0,0,0,0,0,1,1,20230901,20250501
62830,1,1,1,1,1,0,0,20230901,20250501
62825,0,0,0,0,0,1,1,20230901,20250501
62811,1,1,1,1,1,0,0,20230901,20250501
62812,0,0,0,0,0,1,1,20230901,20250501
63508,1,1,1,1,1,0,0,20230901,20250501
63509,0,0,0,0,0,1,1,20230901,20250501
64449,1,1,1,1,1,0,0,20240213,20250501
62798,1,1,1,1,1,0,0,20230901,20250501
62813,0,0,0,0,0,1,1,20230901,20250501
62799,1,1,1,1,1,0,0,20230901,20250501
62814,0,0,0,0,0,1,1,20230901,20250501
62800,1,1,1,1,1,0,0,20230901,20250501
62815,0,0,0,0,0,1,1,20230901,20250501
62801,1,1,1,1,1,0,0,20230901,20250501
62816,0,0,0,0,0,1,1,20230901,20250501
62817,0,0,0,0,0,1,1,20230901,20250501
62835,1,1,1,1,1,0,0,20230901,20250501
62818,0,0,0,0,0,1,1,20230901,20250501
62804,1,1,1,1,1,0,0,20230901,20250501
63511,1,1,1,1,1,0,0,20230901,20250501
63512,0,0,0,0,0,1,1,20230901,20250501
64450,1,1,1,1,1,0,0,20240213,20250501
63624,1,1,1,1,1,0,0,20230901,20250501
63516,0,0,0,0,0,1,1,20230901,20250501
63517,1,1,1,1,1,0,0,20230901,20250501
63518,0,0,0,0,0,1,1,20230901,20250501
63199,1,1,1,1,1,0,0,20230901,20250501
63519,1,1,1,1,1,0,0,20230901,20250501
63520,0,0,0,0,0,1,1,20230901,20250501
63521,1,1,1,1,1,0,0,20230901,20250501
63522,0,0,0,0,0,1,1,20230901,20250501
63523,1,1,1,1,1,0,0,20230901,20250501
63524,0,0,0,0,0,1,1,20230901,20250501
63525,1,1,1,1,1,0,0,20230901,20250501
63526,0,0,0,0,0,1,1,20230901,20250501
62852,1,1,1,1,1,0,0,20230901,20250501
62843,1,1,1,1,1,0,0,20230901,20250501
63527,1,1,1,1,1,0,0,20230901,20250501
63528,0,0,0,0,0,1,1,20230901,20250501
63579,1,1,1,1,1,0,0,20230901,20250501
63623,0,0,0,0,0,1,1,20230901,20250501
63532,1,1,1,1,1,0,0,20230901,20250501
63533,0,0,0,0,0,1,1,20230901,20250501
63534,1,1,1,1,1,0,0,20230901,20250501
67170,1,1,1,1,1,0,0,20240417,20250501
67190,0,0,0,0,0,1,1,20240417,20250501
62805,1,1,1,1,1,0,0,20230901,20250501
62819,0,0,0,0,0,1,1,20230901,20250501
62855,1,1,1,1,1,0,0,20230901,20250501
62856,0,0,0,0,0,1,1,20230901,20250501
62857,1,1,1,1,1,0,0,20230901,20250501
63407,1,1,1,1,1,0,0,20230901,20250501
63285,1,1,1,1,1,0,0,20230901,20250501
63286,0,0,0,0,0,1,1,20230901,20250501
63300,1,1,1,1,1,0,0,20230901,20250501
63301,0,0,0,0,0,1,1,20230901,20250501
59925,1,1,1,1,1,0,0,20230901,20250501
59926,0,0,0,0,0,1,1,20230901,20250501
63302,1,1,1,1,1,0,0,20230901,20250501
63303,0,0,0,0,0,1,1,20230901,20250501
63304,1,1,1,1,1,0,0,20230901,20250501
63305,1,1,1,1,1,0,0,20230901,20250501
63306,0,0,0,0,0,1,1,20230901,20250501
63307,1,1,1,1,1,0,0,20230901,20250501
63308,0,0,0,0,0,1,1,20230901,20250501
63309,0,0,0,0,0,1,1,20230901,20250501
63310,1,1,1,1,1,0,0,20230901,20250501
63311,0,0,0,0,0,1,1,20230901,20250501
63314,1,1,1,1,1,0,0,20230901,20250501
63312,1,1,1,1,1,0,0,20230901,20250501
63313,0,0,0,0,0,1,1,20230901,20250501
63315,1,1,1,1,1,0,0,20230901,20250501
63316,0,0,0,0,0,1,1,20230901,20250501
63257,1,1,1,1,1,0,0,20230901,20250501
63271,0,0,0,0,0,1,1,20230901,20250501
63535,1,1,1,1,1,0,0,20230901,20250501
63536,0,0,0,0,0,1,1,20230901,20250501
64165,1,1,1,1,1,0,0,20240108,20250501
64166,0,0,0,0,0,1,1,20240108,20250501
64451,1,1,1,1,1,0,0,20240213,20250501
64452,0,0,0,0,0,1,1,20240213,20250501
64624,1,1,1,1,1,0,0,20231021,20250501
64627,0,0,0,0,0,1,1,20231021,20250501
64625,1,1,1,1,1,0,0,20231021,20250501
64628,0,0,0,0,0,1,1,20231021,20250501
65684,1,1,1,1,1,0,0,20240201,20250501
64629,0,0,0,0,0,1,1,20231021,20250501
65540,1,1,1,1,1,0,0,20240201,20250501
63269,0,0,0,0,0,1,1,20230901,20250501
64915,1,1,1,1,1,0,0,20231120,20250501
64916,0,0,0,0,0,1,1,20231120,20250501
64167,1,1,1,1,1,0,0,20231106,20250501
64024,0,0,0,0,0,1,1,20230908,20250501
63477,1,1,1,1,1,0,0,20231030,20250501
63478,0,0,0,0,0,1,1,20231030,20250501
65151,1,1,1,1,1,0,0,20231201,20250501
64013,1,1,1,1,1,0,0,20230908,20250501
64014,0,0,0,0,0,1,1,20230908,20250501
64257,1,1,1,1,1,0,0,20231001,20250501
64259,0,0,0,0,0,1,1,20231001,20250501
64258,1,1,1,1,1,0,0,20231001,20250501
64260,0,0,0,0,0,1,1,20231001,20250501
60319,0,0,0,0,0,1,1,20240415,20250501
67285,1,1,1,1,1,0,0,20240102,20240531
67286,1,1,1,1,1,0,0,20240102,20240531
67287,1,1,1,1,1,0,0,20240102,20240531
67288,1,1,1,1,1,0,0,20240102,20240531
67290,1,1,1,1,1,0,0,20240427,20240531
67291,1,1,1,1,1,0,0,20240427,20240531
67292,1,1,1,1,1,0,0,20240506,20240901
67086,1,1,1,1,1,0,0,20240506,20250501
67128,0,0,0,0,0,1,0,20240506,20250501
67085,0,0,0,0,0,0,1,20240506,20250501
67123,1,1,1,1,1,0,0,20240504,20250501
67094,0,0,0,0,0,1,0,20240504,20250501
67088,0,0,0,0,0,0,1,20240504,20250501
67098,1,1,1,1,1,0,0,20240504,20250501
67108,0,0,0,0,0,1,0,20240504,20250501
67087,0,0,0,0,0,0,1,20240504,20250501
65728,1,1,1,1,1,0,0,20240101,20250501
65729,0,0,0,0,0,1,0,20240101,20250501
65730,0,0,0,0,0,0,1,20240101,20250501
65731,1,1,1,1,1,0,0,20240101,20250501
65732,0,0,0,0,0,1,0,20240101,20250501
65733,0,0,0,0,0,0,1,20240101,20250501
65734,1,1,1,1,1,0,0,20240101,20250501
65735,0,0,0,0,0,1,0,20240101,20250501
65736,0,0,0,0,0,0,1,20240101,20250501
65737,1,1,1,1,1,0,0,20240101,20250501
65738,0,0,0,0,0,1,0,20240101,20250501
65739,0,0,0,0,0,0,1,20240101,20250501